/*--------------------------------*- C++ -*----------------------------------*\
| =========                 |                                                 |
| \\      /  F ield         | OpenFOAM: The Open Source CFD Toolbox           |
|  \\    /   O peration     | Version:  4.1                                   |
|   \\  /    A nd           | Web:      www.OpenFOAM.org                      |
|    \\/     M anipulation  |                                                 |
\*---------------------------------------------------------------------------*/
FoamFile
{
    version     2.0;
    format      ascii;
    class       volScalarField;
    location    "1590";
    object      nut;
}
// * * * * * * * * * * * * * * * * * * * * * * * * * * * * * * * * * * * * * //

dimensions      [0 2 -1 0 0 0 0];

internalField   nonuniform List<scalar> 
5497
(
0.350993
0.293242
0.213341
0.330365
0.266679
0.141797
0.141589
0.358322
0.360666
0.268124
0.332409
0.322163
0.360666
0.248141
0.313934
0.1388
0.185367
0.230803
0.168434
0.230153
0.272268
0.171894
0.148039
0.170869
0.302841
0.14153
0.25732
0.19305
0.139734
0.153729
0.283325
0.141928
0.166308
0.189114
0.150509
0.188151
0.215722
0.17812
0.191829
0.217974
0.252242
0.145341
0.139854
0.119313
0.168873
0.154023
0.220065
0.191303
0.234814
0.21164
0.191924
0.286594
0.245072
0.345334
0.334505
0.33856
0.242
0.335211
0.32515
0.328105
0.212891
0.203251
0.141166
0.12795
0.227599
0.216211
0.220286
0.279324
0.254452
0.18988
0.14678
0.175908
0.139097
0.139849
0.314258
0.234198
0.344782
0.110017
0.144304
0.154243
0.377346
0.144987
0.109092
0.348785
0.249129
0.253466
0.247323
0.125388
0.157043
0.150046
0.111828
0.127797
0.183513
0.151015
0.139279
0.138147
0.138915
0.159049
0.180905
0.15454
0.0681592
0.000918662
0.139141
0.132561
0.142684
0.0757476
0.179764
0.0810564
0.000984902
0.139316
0.139476
0.196865
0.213345
0.139162
0.048037
0.139471
0.139064
0.138821
0.138108
0.138892
0.195682
0.208438
0.17077
0.139984
0.0738766
0.161348
0.173539
0.151877
0.181239
0.138334
0.143935
0.142778
0.138951
0.154068
0.144666
0.13747
0.139925
0.137942
0.138506
0.149428
0.135251
0.160182
0.181053
0.151565
0.138772
0.144276
0.137672
0.154088
0.149391
0.169428
0.138179
0.144214
0.144361
0.148806
0.152428
0.176939
0.13105
0.121525
0.138356
0.150332
0.138353
0.139139
0.138417
0.139182
0.195333
0.160048
0.183167
0.327806
0.277368
0.252573
0.365068
0.138976
0.1763
0.19491
0.20247
0.177125
0.132699
0.154057
0.169834
0.186338
0.186852
0.173871
0.154389
0.180932
0.159273
0.180817
0.0889468
0.104716
0.205632
0.218977
0.303133
0.264075
0.240295
0.198281
0.27897
0.238264
0.223754
0.149648
0.13981
0.141939
0.149162
0.283469
0.143688
0.151476
0.14537
0.168187
0.156391
0.139603
0.144083
0.139905
0.140014
0.234726
0.145972
0.143072
0.207849
0.183445
0.139577
0.139771
0.140093
0.139428
0.210224
0.196488
0.14544
0.140638
0.144237
0.152511
0.161724
0.169903
0.158107
0.187142
0.202482
0.177259
0.188999
0.15037
0.157004
0.174253
0.15703
0.147714
0.171227
0.14016
0.139616
0.168246
0.189252
0.14425
0.139889
0.139847
0.145083
0.153616
0.139496
0.139823
0.144396
0.146276
0.163637
0.151836
0.213396
0.196338
0.257781
0.259496
0.139357
0.0321986
0.0290142
0.025961
0.122349
0.137235
0.0550098
0.138713
0.0949316
0.0744379
0.0732055
0.0664623
0.0250768
0.0233807
0.138517
0.0455972
0.139586
0.138263
0.0547386
0.0594927
0.000882794
0.00128131
0.0575426
0.0515059
0.140846
0.0596987
0.0205972
0.132645
0.0247598
0.127035
0.0874231
0.0385409
0.0432385
0.0398119
0.0384766
0.0410402
0.0477779
0.0451783
0.0437178
0.0465839
0.0472377
0.0409214
0.138954
0.064858
0.139449
0.034392
0.0367782
0.13361
0.130971
0.138905
0.139332
0.0769343
0.0668021
0.0723805
0.070373
0.140171
0.140001
0.129081
0.142759
0.0271605
0.137606
0.139042
0.0701138
0.0612736
0.0613395
0.0682453
0.139042
0.139131
0.138208
0.137835
0.0537874
0.130915
0.142075
0.0501123
0.057496
0.0505451
0.055664
0.0506025
0.0568142
0.0458231
0.107424
0.0979408
0.103482
0.138769
0.138293
0.170544
0.156704
0.0472889
0.055048
0.0502889
0.0515928
0.0277206
0.139673
0.139857
0.139414
0.150737
0.159905
0.144487
0.1597
0.151368
0.153101
0.133154
0.126397
0.165233
0.142886
0.157775
0.146352
0.138515
0.139784
0.0235394
0.0224887
0.0216502
0.0369435
0.0318808
0.0321796
0.0356532
0.0813423
0.000992334
0.128342
0.140141
0.139561
0.139424
0.137699
0.13514
0.136181
0.136676
0.135468
0.138119
0.139178
0.139322
0.138971
0.139034
0.13693
0.131126
0.137739
0.133114
0.110358
0.137632
0.137849
0.138427
0.138097
0.133792
0.131712
0.145564
0.133882
0.138308
0.316914
0.138446
0.132573
0.120885
0.130112
0.120066
0.14777
0.141065
0.143192
0.0812136
0.0868246
0.00124507
0.139446
0.139461
0.138631
0.143406
0.142128
0.140187
0.140303
0.276959
0.193143
0.0931989
0.0998691
0.121113
0.140793
0.140313
0.140179
0.128088
0.103447
0.0976663
0.159856
0.150117
0.139415
0.13998
0.154425
0.143949
0.138049
0.129394
0.113907
0.117832
0.113504
0.0299431
0.137997
0.0287733
0.141133
0.135995
0.333531
0.268117
0.138648
0.138591
0.173316
0.12953
0.12996
0.0010448
0.00124269
0.162954
0.179045
0.139643
0.154954
0.137894
0.306298
0.266421
0.234397
0.218277
0.237683
0.137757
0.137902
0.139135
0.143773
0.14033
0.139761
0.170737
0.151598
0.0612632
0.0654462
0.0612148
0.138206
0.139256
0.155212
0.151562
0.139481
0.179768
0.188195
0.143381
0.0330936
0.139957
0.140148
0.139829
0.139428
0.0335914
0.0370344
0.0329205
0.1378
0.137596
0.137992
0.136621
0.134105
0.132384
0.137091
0.0409353
0.0417264
0.0370499
0.0379967
0.224011
0.20687
0.184225
0.0483742
0.0557833
0.138552
0.140047
0.139158
0.139208
0.0693531
0.0630152
0.169692
0.179649
0.139276
0.139775
0.138824
0.139868
0.137855
0.138896
0.138204
0.0173774
0.028367
0.139229
0.138473
0.115976
0.00211304
0.0891347
0.0332113
0.0382335
0.0971114
0.109784
0.0674377
0.0676227
0.0589486
0.0357006
0.0305316
0.121811
0.13817
0.0301033
0.00129078
0.0327598
0.0307118
0.111476
0.124178
0.0404677
0.110846
0.11667
0.0881632
0.0220177
0.0994321
0.0605615
0.0584013
0.055875
0.0256202
0.0271381
0.116069
0.126788
0.0903882
0.0827728
0.0841602
0.0903305
0.138828
0.139868
0.139026
0.0159075
0.140373
0.14014
0.140508
0.139856
0.131218
0.124141
0.127109
0.129571
0.133083
0.131466
0.101099
0.106961
0.104203
0.104057
0.0229168
0.0267277
0.0315024
0.0288691
0.02906
0.129558
0.126263
0.127118
0.137619
0.13765
0.137419
0.13836
0.0245574
0.0289745
0.138412
0.138642
0.0220131
0.0424224
0.129735
0.127043
0.124795
0.132679
0.137307
0.0494029
0.0441501
0.0892602
0.0815246
0.0374358
0.125718
0.131116
0.127972
0.129249
0.124914
0.120049
0.138238
0.136943
0.135629
0.135243
0.136462
0.153182
0.129266
0.0015043
0.133012
0.00666649
0.00477725
0.0054751
0.00538085
0.00325971
0.0951548
0.00116277
0.0113031
0.133704
0.0029372
0.121844
0.278659
0.0953081
0.132062
0.0223581
0.0213541
0.00126466
0.138285
0.13876
0.0262572
0.199529
0.161452
0.137822
0.134109
0.0231923
0.019109
0.107295
0.121479
0.130444
0.137274
0.137923
0.137823
0.00542204
0.0992037
0.167732
0.219782
0.141272
0.131411
0.116381
0.127591
0.117928
0.120474
0.125482
0.134673
0.132486
0.0294044
0.0272783
0.0253176
0.154477
0.0317634
0.0333657
0.138639
0.02643
0.0225037
0.118916
0.135932
0.111587
0.107368
0.00190067
0.127228
0.0595628
0.0164212
0.0200517
0.125572
0.12812
0.123096
0.117518
0.145819
0.139165
0.127292
0.112532
0.116099
0.132464
0.155943
0.195159
0.155782
0.142293
0.138292
0.135883
0.119926
0.146392
0.145806
0.13872
0.00118374
0.110487
0.109663
0.11017
0.017962
0.121719
0.122172
0.11597
0.00685631
0.138002
0.118933
0.120363
0.117207
0.0572781
0.0539698
0.0468658
0.0142934
0.139551
0.11603
0.00442166
0.119108
0.120078
0.146628
0.111173
0.115693
0.133993
0.00400454
0.123515
0.124253
0.0185619
0.0211483
0.0199455
0.138835
0.139118
0.13902
0.0983565
0.138663
0.142978
0.13512
0.13629
0.137047
0.138039
0.137956
0.138363
0.129195
0.124867
0.0168957
0.00106499
0.0594251
0.122108
0.139042
0.139814
0.0254061
0.11349
0.113933
0.00932885
0.0204561
0.333613
0.240848
0.0242744
0.0296117
0.0265104
0.10367
0.144566
0.0305338
0.0323739
0.0296813
0.132851
0.13414
0.0244842
0.0268805
0.132871
0.130121
0.126479
0.260352
0.185115
0.0185655
0.0216546
0.0298744
0.0260404
0.0229003
0.0266621
0.0305783
0.0267044
0.012813
0.131126
0.137238
0.134997
0.14954
0.169482
0.194911
0.139084
0.139288
0.138266
0.138199
0.138283
0.0452364
0.0480591
0.170969
0.192495
0.135004
0.0408138
0.0292161
0.0339384
0.119725
0.12259
0.11763
0.146474
0.139601
0.139201
0.138785
0.140264
0.139849
0.140331
0.139931
0.152402
0.143729
0.0175635
0.0157765
0.12273
0.119448
0.139554
0.139982
0.119164
0.00406786
0.129609
0.0342697
0.0401595
0.126755
0.123019
0.12398
0.00165779
0.0176347
0.0159223
0.0150713
0.130059
0.146407
0.144169
0.0885867
0.0926703
0.139683
0.14023
0.0934673
0.0899494
0.0816469
0.0809399
0.0702778
0.0724792
0.139478
0.139158
0.117358
0.118856
0.119228
0.0378317
0.0407416
0.111564
0.111257
0.115549
0.114995
0.13395
0.0216113
0.134082
0.1372
0.0241781
0.135869
0.0977938
0.137567
0.137184
0.132992
0.1366
0.135211
0.135987
0.104393
0.0322662
0.029647
0.103756
0.0971759
0.134462
0.124023
0.0429906
0.0379511
0.0447781
0.040955
0.0419426
0.0283805
0.0222657
0.109623
0.110839
0.138699
0.138899
0.139206
0.0977669
0.112559
0.137701
0.137912
0.103843
0.113931
0.111004
0.0392053
0.041291
0.0331306
0.136466
0.137362
0.137171
0.064541
0.050857
0.0559672
0.00208662
0.0683866
0.0767378
0.0233102
0.136156
0.136717
0.109222
0.135929
0.137472
0.137229
0.136447
0.13028
0.132413
0.132377
0.131111
0.12753
0.137382
0.129043
0.139492
0.0762357
0.139233
0.138911
0.137043
0.13891
0.138702
0.0840231
0.0918785
0.0558037
0.0589238
0.00348968
0.00299513
0.00937997
0.00847765
0.000855098
0.00128605
0.00105163
0.00116406
0.126833
0.124467
0.117328
0.00314103
0.00208454
0.137497
0.00112833
0.00149243
0.00106482
0.00153644
0.0818702
0.0848612
0.0112726
0.00198161
0.0021887
0.00317404
0.127478
0.126171
0.0025983
0.0030469
0.11468
0.00121396
0.118151
0.119183
0.120408
0.128531
0.0973964
0.134806
0.00250139
0.00227543
0.132683
0.130776
0.0894546
0.00174814
0.0282243
0.0274362
0.00643696
0.00251339
0.00290947
0.00325317
0.107819
0.100067
0.00148448
0.00100169
0.00135986
0.133828
0.134934
0.00527969
0.00345478
0.00505441
0.104161
0.109778
0.00828407
0.0117917
0.0178437
0.0243136
0.0255126
0.116867
0.103747
0.0015875
0.127151
0.12901
0.0821593
0.0825104
0.11746
0.0042906
0.00605665
0.00575516
0.00604565
0.0014697
0.00194615
0.052381
0.0437586
0.130032
0.128597
0.131446
0.13635
0.137419
0.137949
0.100862
0.0996726
0.0313776
0.0354766
0.127999
0.125322
0.0241835
0.0240667
0.0261103
0.138463
0.138769
0.138348
0.00144334
0.135292
0.136191
0.00764377
0.119051
0.124677
0.121191
0.134715
0.131224
0.132544
0.112565
0.100419
0.0904544
0.14778
0.141435
0.0880253
0.0794893
0.0799339
0.00355621
0.0181399
0.0205745
0.0184577
0.0184566
0.0956874
0.0991391
0.0081924
0.00982437
0.126328
0.123916
0.0101536
0.138621
0.138362
0.138169
0.12993
0.128916
0.0131591
0.0122046
0.129846
0.138636
0.137971
0.138235
0.136922
0.136419
0.129904
0.146733
0.138871
0.0119005
0.00999357
0.0103002
0.173147
0.193345
0.153324
0.142435
0.129292
0.132958
0.131211
0.137714
0.0148782
0.0128181
0.2495
0.30454
0.0126895
0.0211296
0.135156
0.138301
0.138371
0.00844915
0.00841144
0.00595279
0.130975
0.129979
0.127902
0.131313
0.0185209
0.0160925
0.139025
0.139306
0.139341
0.112367
0.108017
0.101116
0.101289
0.0653973
0.0706604
0.0771635
0.123048
0.137115
0.137707
0.138263
0.136991
0.160912
0.150241
0.100771
0.106235
0.1355
0.0241385
0.0215058
0.0223422
0.0237725
0.0209589
0.0821634
0.0930928
0.0872852
0.123861
0.122229
0.122383
0.12825
0.126715
0.124134
0.12641
0.128355
0.124643
0.132635
0.132418
0.134557
0.13913
0.0298548
0.0316076
0.0360851
0.133296
0.134151
0.131907
0.137041
0.137555
0.0488672
0.0468426
0.0512185
0.13553
0.142618
0.141052
0.154159
0.090032
0.101423
0.132943
0.130238
0.129427
0.131691
0.132867
0.131097
0.129876
0.121392
0.0724669
0.0621205
0.0383265
0.0317283
0.0750987
0.0712691
0.0892632
0.133848
0.134371
0.134618
0.133747
0.0900428
0.0881176
0.126016
0.127763
0.127389
0.126544
0.132526
0.0199813
0.0202067
0.129206
0.131369
0.0367882
0.0356754
0.134658
0.13623
0.135335
0.134978
0.135628
0.0736623
0.0810941
0.0727631
0.0800508
0.045683
0.0397637
0.0392959
0.0448933
0.135711
0.135959
0.136247
0.135549
0.00498713
0.117514
0.110585
0.119545
0.105829
0.129918
0.13099
0.0596674
0.124474
0.127987
0.0896031
0.00105215
0.120349
0.104629
0.0616679
0.122815
0.123927
0.0739696
0.109954
0.00132627
0.00171344
0.0010482
0.0815147
0.00151146
0.130995
0.0463951
0.00148807
0.00191814
0.0878591
0.0782636
0.13546
0.105945
0.065722
0.0167703
0.129572
0.130222
0.128436
0.120303
0.122821
0.129503
0.00729122
0.112615
0.0804047
0.0711362
0.00562492
0.00598867
0.00142967
0.116901
0.118386
0.130047
0.00946529
0.014529
0.0156067
0.00872745
0.0814204
0.00876608
0.00293792
0.119161
0.0718294
0.0714819
0.0113118
0.118393
0.00485788
0.0769145
0.0676449
0.117266
0.133798
0.131894
0.137885
0.03885
0.0010845
0.00156887
0.128478
0.126612
0.00185255
0.00135599
0.00240853
0.00663732
0.0682144
0.0772739
0.0738798
0.131882
0.13306
0.0100657
0.00639521
0.0063881
0.00866711
0.0911758
0.00296102
0.00294773
0.021923
0.132011
0.132015
0.132946
0.131866
0.11673
0.11058
0.10685
0.112174
0.00726038
0.131465
0.118523
0.0942274
0.02505
0.0262487
0.0108335
0.102855
0.128663
0.129648
0.131906
0.00744203
0.0124289
0.00963474
0.00952015
0.010428
0.00496433
0.00682312
0.00605614
0.00400825
0.0990194
0.0304596
0.0251615
0.0270809
0.0321869
0.0368902
0.0897749
0.0813037
0.0027393
0.130914
0.131728
0.0122711
0.0104991
0.00187027
0.00281827
0.113982
0.00353575
0.00218956
0.00245033
0.134728
0.136276
0.00132185
0.00200025
0.00177334
0.0129848
0.0118842
0.00617207
0.0059043
0.098593
0.0997475
0.0110013
0.012539
0.10914
0.116811
0.112742
0.133722
0.132048
0.123659
0.114269
0.127146
0.0188421
0.00258306
0.00176227
0.00162594
0.00293188
0.00246085
0.00405931
0.00417211
0.0171438
0.00127298
0.00171874
0.00182481
0.131317
0.0195725
0.01829
0.134407
0.135186
0.117608
0.119565
0.00143523
0.00192052
0.0231355
0.0392778
0.12504
0.0104443
0.134108
0.13329
0.132567
0.107497
0.0991555
0.10082
0.0163707
0.0176907
0.133897
0.133234
0.109528
0.10542
0.106618
0.134631
0.133944
0.133162
0.129841
0.129086
0.131326
0.0147097
0.131621
0.129684
0.0123414
0.0110619
0.116842
0.11181
0.10985
0.00193791
0.00263344
0.0190682
0.018008
0.118866
0.12147
0.122005
0.0601247
0.0620707
0.0961922
0.0889453
0.00248452
0.00253302
0.00455656
0.00307641
0.136671
0.116342
0.123593
0.12002
0.136767
0.137521
0.128782
0.122951
0.123569
0.0661876
0.0231128
0.0209885
0.0248144
0.0235771
0.13407
0.0312232
0.0275401
0.0137741
0.0226323
0.135105
0.135886
0.00255918
0.0035735
0.00272521
0.00210283
0.00143282
0.0021057
0.00408161
0.00320929
0.00441809
0.114492
0.116547
0.11806
0.111037
0.105467
0.0489842
0.0469151
0.0356177
0.0358631
0.0060502
0.00550381
0.108155
0.114101
0.00817375
0.00998078
0.115554
0.127551
0.129361
0.151667
0.135781
0.014087
0.0146305
0.0650425
0.0701392
0.0628618
0.00625895
0.00464714
0.00647994
0.0379537
0.0395746
0.0011038
0.00146131
0.00154181
0.0173301
0.0137205
0.0143895
0.133833
0.135435
0.145609
0.148877
0.133759
0.132925
0.13167
0.0193417
0.022049
0.016636
0.0185276
0.0216897
0.0207737
0.00167407
0.00232039
0.112137
0.114409
0.107778
0.112621
0.103191
0.101062
0.109052
0.136275
0.137442
0.136861
0.127281
0.126084
0.113953
0.116175
0.108475
0.123858
0.125965
0.128334
0.129191
0.139746
0.139554
0.0229606
0.0219384
0.0670762
0.0650408
0.0556206
0.123343
0.0355012
0.11508
0.1254
0.10744
0.00164503
0.0531495
0.000959127
0.126765
0.123361
0.125307
0.00184684
0.0193422
0.00137258
0.130409
0.13063
0.129002
0.126892
0.128347
0.128277
0.12708
0.117413
0.119454
0.127378
0.12655
0.001829
0.105295
0.0989865
0.0857415
0.12888
0.128711
0.128098
0.129786
0.134233
0.133232
0.133729
0.133617
0.11188
0.114238
0.0851712
0.00867895
0.00727522
0.00403166
0.00390609
0.114861
0.119668
0.116728
0.106889
0.00231728
0.00142144
0.0517543
0.0651287
0.116265
0.119347
0.014556
0.071969
0.118191
0.120219
0.123692
0.131898
0.132825
0.0682198
0.0897418
0.0815895
0.0549696
0.0656843
0.0820012
0.00556834
0.0056071
0.123907
0.0130516
0.00960804
0.0152149
0.051228
0.0447666
0.0542191
0.125761
0.115158
0.0120093
0.12801
0.126801
0.12871
0.12982
0.0708832
0.0693377
0.0585544
0.0615579
0.0930614
0.113368
0.113405
0.105327
0.109279
0.0982419
0.111428
0.114176
0.115779
0.112722
0.114466
0.106642
0.0121946
0.0176069
0.0104445
0.073482
0.0829515
0.0110395
0.00993081
0.111001
0.114001
0.106504
0.105896
0.0649482
0.0417683
0.063886
0.112277
0.00236428
0.00163246
0.0915052
0.0836134
0.123152
0.070715
0.098531
0.0013856
0.00348627
0.00492926
0.0448532
0.00291517
0.00249304
0.00251988
0.0133354
0.0148266
0.128678
0.127094
0.119782
0.123481
0.126387
0.122961
0.123392
0.0570206
0.0666881
0.109614
0.106717
0.121974
0.119587
0.0743366
0.0923897
0.0827031
0.112819
0.0155833
0.00782405
0.00637098
0.00585434
0.00779585
0.00716578
0.00814966
0.0100228
0.0096913
0.0117599
0.123063
0.12489
0.120429
0.101006
0.0504137
0.0614035
0.0144481
0.0156826
0.0145364
0.104464
0.108875
0.0824372
0.0915647
0.139149
0.0038146
0.0043823
0.0841007
0.0934642
0.0933546
0.00909195
0.00824095
0.00642784
0.134334
0.125296
0.123577
0.119656
0.0789465
0.0818582
0.0733165
0.0705125
0.0790645
0.0704681
0.128964
0.12608
0.127752
0.0794279
0.0854438
0.0990777
0.125809
0.104435
0.109045
0.111176
0.0935889
0.00956459
0.00821062
0.011497
0.0126946
0.0111554
0.0633764
0.0535134
0.0440875
0.11276
0.104831
0.0105178
0.00427084
0.0733028
0.073032
0.103058
0.10655
0.147133
0.142906
0.0963572
0.0134545
0.0130462
0.0107273
0.114729
0.115305
0.0781303
0.0616316
0.129451
0.126961
0.0132423
0.0183721
0.0179502
0.0200143
0.0193168
0.130944
0.131764
0.132681
0.00385171
0.00476569
0.00454622
0.00863229
0.123869
0.128338
0.12906
0.126025
0.0072234
0.00686083
0.00375874
0.00416622
0.00588912
0.109353
0.00611753
0.00423583
0.00646005
0.00466762
0.112112
0.00623227
0.00749497
0.00569856
0.00744342
0.00209933
0.00192675
0.00178387
0.0337391
0.0304999
0.12382
0.00681212
0.00704901
0.00590486
0.0924856
0.0896462
0.0820952
0.00372777
0.0168374
0.0194134
0.116257
0.120344
0.0228592
0.0214133
0.114879
0.114017
0.0789431
0.123237
0.125664
0.00341474
0.0150385
0.0162287
0.0137285
0.106498
0.106963
0.111638
0.01714
0.129861
0.12694
0.131791
0.117828
0.0738651
0.0642679
0.0156782
0.0145611
0.00667824
0.00663831
0.129571
0.126002
0.127004
0.110891
0.118435
0.122429
0.119362
0.117751
0.122483
0.0165434
0.0158439
0.0187005
0.0882597
0.0795187
0.0828852
0.0767759
0.124199
0.121343
0.0750441
0.0112066
0.01232
0.00922398
0.0115462
0.00381579
0.00322814
0.00953831
0.00810438
0.00841118
0.118283
0.115678
0.00334727
0.003311
0.00458978
0.0145088
0.0117149
0.0143752
0.0536963
0.047768
0.0629363
0.0184193
0.0173956
0.0190951
0.0116573
0.00834312
0.00898173
0.1202
0.113193
0.103344
0.0938374
0.0885815
0.0930803
0.0905533
0.0856556
0.0917446
0.00492806
0.00575743
0.116431
0.120765
0.00410652
0.00319303
0.00387139
0.00246423
0.00267266
0.00161624
0.120424
0.11815
0.119277
0.124617
0.135201
0.136494
0.13604
0.0967998
0.0226904
0.0200158
0.0199134
0.0513442
0.0525618
0.137684
0.13743
0.136913
0.136714
0.107914
0.103424
0.0113892
0.0108144
0.0221382
0.0196108
0.0485866
0.0247198
0.113758
0.109212
0.0956359
0.0591048
0.000696144
0.00135038
0.000467685
0.000736564
0.000534614
0.000634246
0.000779939
0.000713283
0.000739376
0.00114366
0.000667937
0.000479573
0.00116688
0.00259777
0.000608502
0.00135042
0.0100873
0.0203546
0.113642
0.119011
0.113309
0.113086
0.00104574
0.000803113
0.0280972
0.00117916
0.00818249
0.0108731
0.0082841
0.0116595
0.000514795
0.00128089
0.121323
0.12159
0.119015
0.000775627
0.11558
0.118316
0.118057
0.11595
0.102415
0.000653373
0.0799729
0.000988967
0.000747854
0.00115732
0.00981069
0.000569017
0.0692446
0.0372282
0.0331461
0.0354663
0.0276345
0.0983952
0.0977646
0.0713804
0.0430463
0.0613192
0.0904451
0.10692
0.029686
0.00165659
0.101442
0.0323147
0.0301911
0.0523956
0.0276578
0.05714
0.0499718
0.0252528
0.0692335
0.0794329
0.044036
0.0809013
0.0238293
0.0715488
0.0436183
0.102558
0.0623938
0.0317339
0.0972459
0.087061
0.113513
0.108781
0.108356
0.0543166
0.105139
0.0354137
0.032469
0.00130924
0.073392
0.0762052
0.0611516
0.0687302
0.0908902
0.108041
0.103796
0.0826838
0.0673182
0.0781102
0.0377199
0.0278539
0.0883774
0.0862612
0.0206729
0.0198513
0.0184122
0.103797
0.0984861
0.104824
0.0311099
0.0687381
0.0699365
0.118754
0.114952
0.108937
0.104126
0.100335
0.0890868
0.109502
0.111472
0.114712
0.0645261
0.0820035
0.063402
0.0712525
0.0748315
0.0492519
0.0477235
0.110431
0.035609
0.0104995
0.00834037
0.100085
0.0950671
0.0936426
0.0292536
0.11147
0.113142
0.0406989
0.0393224
0.00137657
0.00718389
0.00900271
0.0530086
0.0518413
0.0496124
0.120486
0.118571
0.0877283
0.082118
0.107567
0.0855971
0.0738195
0.0776798
0.0735901
0.0625689
0.0522558
0.0116219
0.00218131
0.00181579
0.0024156
0.133542
0.123494
0.125539
0.0465917
0.11545
0.110606
0.0589366
0.065972
0.103532
0.0367862
0.0392519
0.0567985
0.0989931
0.104172
0.101342
0.106969
0.079568
0.103088
0.126164
0.0153465
0.0140154
0.0151391
0.0175516
0.114806
0.109133
0.111587
0.00232584
0.102618
0.00811342
0.0546067
0.0615896
0.0123132
0.0408617
0.0935959
0.0991317
0.10898
0.111849
0.046102
0.082419
0.0385988
0.118981
0.116612
0.117944
0.115417
0.113887
0.0895937
0.0825747
0.0641012
0.0747546
0.0138408
0.00832676
0.0942842
0.0118896
0.101366
0.094884
0.0106822
0.0106728
0.00538833
0.00708459
0.0189568
0.020241
0.103271
0.101035
0.0553559
0.0520738
0.0441596
0.0960482
0.0924702
0.0861309
0.0560603
0.00132239
0.0554758
0.0464219
0.0543399
0.0393996
0.0363936
0.102966
0.00753028
0.00768203
0.00955117
0.112217
0.021625
0.0142896
0.0135448
0.0149716
0.0987794
0.103419
0.109527
0.102735
0.0992805
0.0926826
0.0175364
0.0541207
0.0438883
0.0449859
0.0450887
0.122069
0.119638
0.109184
0.115004
0.0621397
0.1313
0.130033
0.00220318
0.00170505
0.00183449
0.12165
0.124397
0.0333445
0.109587
0.0966618
0.0117847
0.0108498
0.0714437
0.0786952
0.0725226
0.110903
0.115264
0.120503
0.122995
0.124463
0.110918
0.11782
0.11463
0.00546389
0.0549218
0.0637121
0.0577808
0.136595
0.135559
0.133911
0.00303496
0.00215852
0.00630376
0.0810097
0.0859917
0.0950672
0.0346323
0.0529962
0.0625625
0.0709301
0.0440582
0.0492623
0.0818464
0.088536
0.00799682
0.0157593
0.0156731
0.0950598
0.100588
0.0162908
0.0152106
0.0140694
0.0144213
0.0117208
0.0854515
0.0746699
0.0683184
0.0821292
0.00210389
0.00264842
0.00333402
0.111898
0.108958
0.103818
0.01278
0.0105595
0.0132151
0.00411567
0.00315012
0.00494054
0.00443672
0.103262
0.0966772
0.0887069
0.0695131
0.0780152
0.0370937
0.0356071
0.0288586
0.0282362
0.0304969
0.00850078
0.000396179
0.000296459
0.0753868
0.0956135
0.000718641
0.0935709
0.000558688
0.00423397
0.0176712
0.0330665
0.033255
0.000231241
0.0820381
0.0910162
0.0393687
0.0744642
0.08117
0.0187862
0.0144801
0.0609146
0.0656097
0.000206681
0.000666106
0.000311149
0.00798488
0.116802
0.11352
0.114429
0.115468
0.0509945
0.0459892
0.0441755
0.0505996
0.0997356
0.0940411
0.0963471
0.00252983
0.099788
0.037249
0.0154675
0.0961275
0.104398
0.10816
0.0746299
0.0754769
0.0969914
0.0961697
0.0933117
0.0999244
0.00261198
0.00457121
0.00406193
0.00387078
0.00666651
0.0089252
0.00661167
0.00826661
0.0192177
0.0166225
0.0198557
0.0166718
0.0434191
0.0343149
0.041423
0.0289136
0.000766123
0.0542741
0.059089
0.0388298
0.0962142
0.0202291
0.00062795
0.0418187
0.0459124
0.00513042
0.0678549
0.00456588
0.0545865
0.0356042
0.0335893
0.0263962
0.0176139
0.0240592
0.00295604
0.00653746
0.00741039
0.0786031
0.0156929
0.0122249
0.00437954
0.00297406
0.0243092
0.00242093
0.0117583
0.00424468
0.0700597
0.0638487
0.0938333
0.0420323
0.0402892
0.0168297
0.0113702
0.0159021
0.0330369
0.0580077
0.000630715
0.0097931
0.00549715
0.0134721
0.0244532
0.0324259
0.0635836
0.000632167
0.0607445
0.0650864
0.00056047
0.0417875
0.108773
0.0871001
0.0778791
0.0542418
0.0432067
0.000742928
0.00212363
0.0327382
0.02878
0.00060892
0.00218979
0.00677562
0.0611268
0.0120735
0.00568728
0.083738
0.0760946
0.00257369
0.00682033
0.0429011
0.0394912
0.00614061
0.075479
0.0732149
0.00167177
0.10193
0.0980292
0.1006
0.0114988
0.00252903
0.0205631
0.00172168
0.00125255
0.00185822
0.00433678
0.0015963
0.00416211
0.000707489
0.0471825
0.00105923
0.000906819
0.00118034
0.0353246
0.0339691
0.000368053
0.000953878
0.0225497
0.012363
0.0178465
0.0130124
0.0664198
0.0403052
0.0445723
0.00498029
0.0194309
0.0128935
0.0169403
0.0863781
0.0814663
0.0178463
0.0206916
0.0158897
0.0110636
0.0107754
0.00688065
0.0039431
0.0112302
0.0277954
0.00414374
0.0105897
0.0889501
0.00352575
0.0855565
0.0830781
0.0169897
0.00787076
0.00365717
0.0101251
0.00398425
0.0201513
0.0147722
0.0127483
0.102789
0.0872967
0.00917831
0.0951615
0.0912344
0.0580655
0.0621071
0.0211837
0.0177304
0.0732838
0.000900027
0.0298142
0.0347216
0.0119371
0.0127487
0.0247932
0.0311275
0.0272347
0.0202699
0.0203298
0.0797019
0.0783686
0.0470163
0.0893508
0.0978868
0.019311
0.011378
0.0163493
0.0921612
0.0960646
0.0865242
0.0646411
0.0903142
0.00285588
0.0302771
0.0455753
0.0490791
0.000633228
0.0822129
0.0852758
0.0898919
0.0400197
0.0422627
0.0386122
0.0394965
0.0354168
0.00211337
0.00462242
0.00390481
0.0118581
0.0232881
0.0279606
0.00400855
0.0114583
0.0185157
0.00304395
0.0209687
0.0249616
0.0302198
0.0305465
0.10935
0.108796
0.0969525
0.0943367
0.00962397
0.0174883
0.0150193
0.0702935
0.0613614
0.0911902
0.0870378
0.0248994
0.0324582
0.0319813
0.000770939
0.00259623
0.00655907
0.000800348
0.00638075
0.00992868
0.0220512
0.00867729
0.0465912
0.000848964
0.00261855
0.00742392
0.0210849
0.0151746
0.061096
0.0862673
0.0902375
0.039686
0.00976206
0.0107486
0.0173504
0.100959
0.0952105
0.0971403
0.0977391
0.0670179
0.00960147
0.0141451
0.0915148
0.0949218
0.0242249
0.0327441
0.0448403
0.0391028
0.000946385
0.0231804
0.0171734
0.000702497
0.00184218
0.00519035
0.064616
0.061929
0.0602986
0.0425218
0.0242993
0.0962315
0.0347023
0.040932
0.038893
0.0362512
0.077856
0.0712582
0.0680798
0.120808
0.0434189
0.0719726
0.0645522
0.0183511
0.0283333
0.0770946
0.0793705
0.103328
0.0717
0.060024
0.0596773
0.0584773
0.0351808
0.0520942
0.0622296
0.0207912
0.0180515
0.0451596
0.0136167
0.105808
0.101889
0.0990311
0.0242063
0.0879755
0.0838195
0.0906208
0.0997189
0.0942362
0.0922329
0.0993883
0.1051
0.0233784
0.0285644
0.0261385
0.00264446
0.00771053
0.0594594
0.0625656
0.009809
0.0147833
0.0148236
0.0125595
0.0772975
0.0891313
0.0275747
0.0152469
0.0515161
0.0481761
0.0570881
0.105781
0.00344525
0.00845116
0.0454835
0.0335621
0.0259414
0.101595
0.0933165
0.105389
0.0553398
0.0593812
0.0692797
0.105524
0.00273207
0.0106436
0.00671892
0.083374
0.0696648
0.0753997
0.0363288
0.0373504
0.0401824
0.0466268
0.0143531
0.00786508
0.0119999
0.0720657
0.0766756
0.0567814
0.0835929
0.112796
0.109319
0.107673
0.0370529
0.0281739
0.0243962
0.0268168
0.030093
0.0341393
0.1048
0.111267
0.108542
0.106608
0.0244502
0.0279563
0.0306227
0.0682794
0.0699499
0.110831
0.107044
0.103703
0.00749803
0.011159
0.0227955
0.0182472
0.00355447
0.0492989
0.0623219
0.0664186
0.0463906
0.00716858
0.0178883
0.0173138
0.0453924
0.0421996
0.105557
0.0135242
0.027931
0.0225917
0.023065
0.0179103
0.0290901
0.0332142
0.036969
0.0865101
0.104783
0.0964472
0.00104111
0.00321374
0.0661157
0.0573557
0.0661258
0.111257
0.0375615
0.0496099
0.0950467
0.0989185
0.107007
0.039151
0.0241434
0.0232956
0.024824
0.0120498
0.0178632
0.103671
0.0425156
0.0394805
0.103934
0.0540781
0.0563121
0.0608504
0.0401071
0.0321386
0.028611
0.0137449
0.0842128
0.0811796
0.0831987
0.0344506
0.0396083
0.0265034
0.0773062
0.00271097
0.00384318
0.00388374
0.0796125
0.07019
0.0385192
0.0307782
0.0238923
0.0661474
0.0716518
0.00241041
0.00217284
0.00396216
0.0557278
0.0475238
0.0622143
0.0538181
0.00113052
0.00350271
0.0124399
0.0105182
0.00575225
0.0234366
0.101525
0.103161
0.104538
0.10382
0.102299
0.100089
0.0915469
0.0848392
0.0189309
0.0223691
0.00486664
0.00374159
0.0138269
0.118965
0.117498
0.0318563
0.0392748
0.0353867
0.0949783
0.0120014
0.0640817
0.0609346
0.12143
0.123659
0.0212479
0.0726952
0.0824637
0.0602927
0.0235913
0.0167027
0.0748405
0.0825168
0.0741002
0.0107742
0.0153602
0.0184879
0.0914263
0.0828146
0.0495972
0.0472342
0.0977267
0.101822
0.0380374
0.0363322
0.0266329
0.0351986
0.0481627
0.0397308
0.0525021
0.117228
0.114891
0.0967718
0.0923253
0.0167365
0.0233337
0.0161869
0.0105529
0.0310546
0.0286563
0.0584275
0.0561909
0.0551213
0.0329216
0.039616
0.0365821
0.0735557
0.0818208
0.0833699
0.0765087
0.0736727
0.0891468
0.0917176
0.085131
0.0996983
0.103641
0.0423427
0.0447305
0.0512887
0.121857
0.117845
0.119567
0.0210887
0.0100033
0.017002
0.0121965
0.00802954
0.069285
0.0675008
0.111927
0.113136
0.109979
0.0130717
0.0667635
0.0690353
0.00526487
0.0192735
0.0206804
0.0149587
0.0809342
0.0330994
0.0326405
0.109033
0.105913
0.102929
0.104686
0.102708
0.106589
0.083018
0.0260332
0.0129982
0.012726
0.0151834
0.0984729
0.102513
0.00879486
0.0119012
0.0619953
0.0625553
0.0560624
0.0565559
0.0419193
0.00590542
0.00575364
0.00629143
0.00378114
0.00715171
0.0125654
0.0099943
0.0676675
0.00205717
0.0671579
0.0773721
0.0324969
0.0575774
0.00037405
0.000400365
0.000385361
0.00888898
0.000203663
0.000369621
0.0078033
0.00698834
0.0068061
0.00839813
0.000192639
0.000400973
0.0450492
0.0619405
0.0704033
0.000184532
0.0467105
0.000344733
0.00039515
0.00389296
0.0948319
0.0968344
0.000239904
0.000403507
0.0051875
0.00659388
0.000237938
0.0133863
0.0110194
0.0135585
0.0101008
0.000385785
0.000843237
0.00177611
0.00215206
0.00706656
0.00811345
0.0233259
0.020197
0.000329216
0.000332395
0.0319494
0.0343285
0.0348857
0.0307294
0.106828
0.104987
0.10728
0.10351
0.0172858
0.0410443
0.0440482
0.090541
0.0831092
0.0872743
0.00302465
0.000255307
0.000187011
0.000919771
0.0515399
0.0492917
0.0501659
0.0518587
0.0377341
0.0424914
0.0301327
0.0274578
0.00183393
0.00189655
0.061375
0.0558654
0.0557076
0.0594665
0.0267481
0.0236705
0.0240257
0.0260816
0.047424
0.0484123
0.0485209
0.0466727
0.0494027
0.0478715
0.0475165
0.0498142
0.00874852
0.00552743
0.00765653
0.00582496
0.0897241
0.0457139
0.00262567
0.018069
0.0322807
0.00819005
0.0317253
0.0130257
0.0633441
0.00581278
0.0188115
0.00236495
0.0344823
0.0634881
0.0584754
0.0194806
0.0211291
0.0441691
0.00520782
0.020661
0.0127451
0.00194868
0.0550582
0.00900398
0.00275735
0.00440725
0.00301248
0.0792509
0.0269166
0.0343382
0.0322141
0.0100491
0.013063
0.00618529
0.00486048
0.0133266
0.062577
0.00226736
0.0487621
0.0429695
0.0100382
0.087732
0.0853198
0.057763
0.0449165
0.0128882
0.00345575
0.0203045
0.0489726
0.0162992
0.00946749
0.056813
0.050287
0.0472335
0.073026
0.0690765
0.0607099
0.0391916
0.0343338
0.0170133
0.0193927
0.00402832
0.0784777
0.0103318
0.0257829
0.0214593
0.0245926
0.0615279
0.0131759
0.00349408
0.0323289
0.0314578
0.037276
0.00884426
0.0210492
0.00146701
0.00675688
0.042003
0.0438798
0.00517965
0.0205133
0.00114126
0.00235882
0.043198
0.0117408
0.0139561
0.00608436
0.027874
0.0266763
0.00765093
0.00486509
0.000258202
0.00883851
0.0109638
0.000331732
0.0885268
0.00455051
0.00295389
0.0314836
0.0764551
0.0604757
0.0662142
0.0593894
0.00371937
0.0286154
0.000189602
0.0381569
0.0792206
0.0340663
0.0220725
0.0201064
0.0871436
0.0303001
0.0148097
0.0133026
0.00949836
0.0432618
0.0010672
0.000393238
0.0485293
0.0419444
0.00705157
0.0714795
0.000294389
0.000987479
0.0480143
0.033595
0.0342163
0.0301563
0.000364534
0.00128668
0.0128981
0.00203355
0.0021324
0.00205784
0.00221549
0.0342383
0.0356309
0.032508
0.0350809
0.0748734
0.0687989
0.000323287
0.000792618
0.00100495
0.0147364
0.00788664
0.00985528
0.061881
0.00658055
0.00837211
0.0347563
0.0373063
0.0415332
0.0197676
0.0251012
0.018823
0.0310567
0.0263541
0.00583189
0.0121892
0.000688653
0.00178641
0.039754
0.0434354
0.0350358
0.0530102
0.014901
0.000474409
0.000805317
0.0348995
0.0271313
0.0745481
0.00697907
0.00909794
0.00291379
0.0538814
0.0226167
0.0241152
0.0416341
0.0409579
0.0347326
0.0202146
0.00248544
0.0035716
0.000351891
0.00566588
0.035911
0.0319173
0.00865666
0.0176126
0.0241452
0.0204116
0.0407587
0.0199245
0.0129799
0.0117996
0.0368286
0.0143299
0.0408057
0.035018
0.024559
0.0006154
0.000360567
0.000772964
0.0538382
0.0513161
0.0405698
0.0295933
0.00430423
0.000858186
0.00265728
0.058637
0.0520714
0.0125711
0.000697775
0.00186639
0.00469557
0.00109791
0.0051035
0.0226887
0.0837113
0.0815373
0.0300816
0.0614543
0.0578153
0.0113534
0.00750112
0.071088
0.0751203
0.0318002
0.00587304
0.0079796
0.0592615
0.000751022
0.000556277
0.00354812
0.00270082
0.00736869
0.00370658
0.000501506
0.000926919
0.00189889
0.0013475
0.00318784
0.0167648
0.00939794
0.00625684
0.000538041
0.064249
0.00668618
0.00884193
0.000508044
0.026386
0.02447
0.0247741
0.0208533
0.028533
0.0192869
0.0229354
0.0232655
0.00111029
0.000857103
0.00216714
0.0465534
0.0552902
0.0524102
0.00978492
0.00669928
0.00048608
0.000816467
0.00312679
0.0664804
0.000755704
0.00194038
0.000854759
0.023254
0.00103287
0.00127349
0.00283656
0.011068
0.0926975
0.0894479
0.0146566
0.0120675
0.0930417
0.0841233
0.0801176
0.0115388
0.00435921
0.00341566
0.0323026
0.0372486
0.0329876
0.00848744
0.0869571
0.0311744
0.0289359
0.0267054
0.0754324
0.0299303
0.00851093
0.00975343
0.00544084
0.0209041
0.0175295
0.0158838
0.000555757
0.0198347
0.0104448
0.053546
0.0491909
0.0267924
0.0349501
0.00350083
0.00163114
0.00238934
0.0105159
0.0184575
0.0143942
0.0220336
0.0180395
0.0144371
0.0221531
0.00914774
0.0202066
0.0151069
0.0170787
0.0187201
0.0290939
0.0687336
0.0626158
0.0781606
0.023206
0.018431
0.0143959
0.0860094
0.000746377
0.0237755
0.054912
0.0535168
0.0130035
0.0275686
0.00742056
0.0138859
0.0097831
0.00494985
0.00388888
0.00283494
0.0906041
0.0880398
0.0865366
0.0213442
0.015134
0.0182455
0.00624115
0.0732425
0.0392566
0.0100673
0.00567042
0.00778915
0.00214758
0.0117506
0.0024678
0.0578783
0.0516184
0.00129273
0.00299681
0.0182292
0.0261789
0.0208453
0.00134862
0.00331822
0.0611
0.0575951
0.0918151
0.000926329
0.00353564
0.00296715
0.0585971
0.04912
0.0405156
0.0401843
0.00877425
0.0122973
0.00404633
0.0303918
0.0421274
0.0593561
0.0641193
0.039976
0.0438861
0.0392081
0.0372092
0.0225086
0.00133923
0.00362197
0.0334442
0.0360902
0.0316585
0.0336719
0.0919106
0.00913846
0.0071003
0.00724035
0.0975177
0.0926686
0.0422725
0.00122627
0.00274645
0.0296095
0.0828227
0.0858653
0.0841579
0.0146102
0.0428256
0.033119
0.0960078
0.0111981
0.0133243
0.1011
0.0993352
0.00105442
0.0979226
0.0304571
0.0303503
0.0260955
0.0569633
0.0816215
0.0820128
0.0854557
0.080917
0.0319357
0.0167561
0.0172048
0.0108613
0.010106
0.00816929
0.0400119
0.0311804
0.0628193
0.0396223
0.0124466
0.00955505
0.0278886
0.0243352
0.00476973
0.00743294
0.00504694
0.0113932
0.0263233
0.0341808
0.0303155
0.0910112
0.0930521
0.0954718
0.0760108
0.0793878
0.00445206
0.0101239
0.00244171
0.00111913
0.00732088
0.0153638
0.0185126
0.00556964
0.0587984
0.055136
0.0632049
0.0753488
0.00137709
0.0461724
0.0520757
0.0478021
0.0331753
0.0292099
0.00662983
0.00191003
0.00299864
0.00473995
0.00430428
0.0396693
0.0350288
0.0215571
0.0951554
0.0141759
0.0175172
0.0173542
0.0167039
0.0214974
0.00230156
0.00672518
0.00142842
0.00411461
0.0032039
0.00708437
0.064098
0.0685933
0.0624579
0.0325681
0.00614855
0.00621935
0.0581541
0.0490227
0.0528616
0.0219739
0.0205786
0.0143972
0.0955784
0.0462139
0.00560579
0.0101866
0.0790237
0.0236417
0.0227217
0.0177967
0.0589172
0.00550944
0.00692568
0.00149085
0.00385737
0.0691768
0.0825128
0.0736498
0.0417933
0.0469788
0.0990921
0.0952753
0.0974894
0.0215562
0.00598283
0.0771906
0.077512
0.0367629
0.0426803
0.0396261
0.0486927
0.0433874
0.0489018
0.00842369
0.00780084
0.00190084
0.00539205
0.0129745
0.0300794
0.0245328
0.052184
0.0371704
0.0730034
0.0748731
0.0405043
0.0412471
0.0209142
0.0223558
0.0185389
0.00876758
0.00643051
0.0450322
0.040395
0.0103406
0.0105618
0.00731521
0.0119408
0.00884335
0.00828596
0.0748335
0.0767248
0.0691787
0.00244096
0.0070564
0.0398097
0.0746616
0.0769741
0.0750035
0.00195277
0.00564386
0.0205863
0.108396
0.106596
0.107866
0.0782204
0.0729827
0.0245672
0.0274352
0.0939826
0.0917004
0.0126472
0.0244031
0.0270257
0.094458
0.0030449
0.000912463
0.00213191
0.00684828
0.0229354
0.0255413
0.0182514
0.113134
0.115917
0.073974
0.0667055
0.0199995
0.0258538
0.0833856
0.0810871
0.0772202
0.0233616
0.0197133
0.0230617
0.0492136
0.0426436
0.045343
0.0513862
0.0485411
0.0425569
0.0262663
0.0175226
0.0158399
0.0209274
0.0578665
0.0448373
0.0459042
0.05245
0.0149888
0.0110196
0.00580021
0.0126454
0.0138109
0.00997781
0.0124017
0.0702821
0.0679166
0.00232047
0.00669712
0.072339
0.0775753
0.00437295
0.00378717
0.0175944
0.018026
0.0540064
0.0501143
0.0533244
0.0461043
0.0613833
0.0592797
0.112534
0.111442
0.11098
0.0170976
0.0134308
0.08703
0.0861754
0.0826853
0.077803
0.00882299
0.0081722
0.0087902
0.0834908
0.0813503
0.0750306
0.011573
0.0130636
0.00869566
0.0576105
0.0544704
0.00120324
0.0670157
0.073387
0.0694128
0.0770389
0.0762083
0.0817818
0.0901015
0.0555968
0.00660122
0.00495155
0.0108104
0.00372001
0.00323322
0.00258693
0.0305062
0.0243355
0.0225604
0.0171977
0.0057707
0.0520714
0.0441036
0.104202
0.101438
0.100784
0.102728
0.0287036
0.0344363
0.0325305
0.00779287
0.0177271
0.0146245
0.0522251
0.0558492
0.00284662
0.0898074
0.0885417
0.0153707
0.0150123
0.0553645
0.0510026
0.0290458
0.0267036
0.0243753
0.00150098
0.0036851
0.0969089
0.0902528
0.0147335
0.0138846
0.00936421
0.0125721
0.0118399
0.00853763
0.011251
0.00290198
0.00411258
0.0035295
0.00910034
0.00496146
0.0042211
0.00827823
0.00557168
0.0348764
0.0128006
0.0152547
0.000899056
0.00168086
0.00650777
0.055451
0.051297
0.059586
0.00472525
0.00399834
0.00744409
0.097121
0.0949575
0.0977634
0.0301393
0.0752508
0.0179639
0.0135836
0.0173207
0.0214721
0.0271465
0.0272608
0.065614
0.0643636
0.111833
0.111402
0.111496
0.0572797
0.0675458
0.0395005
0.0360881
0.00241901
0.0379658
0.0423943
0.0628877
0.0632546
0.0652509
0.0393106
0.03296
0.0350161
0.00433321
0.0101493
0.014768
0.0208313
0.0145627
0.0232627
0.0327776
0.0693075
0.0601666
0.0556141
0.0650569
0.069105
0.051705
0.0470113
0.0444363
0.00101607
0.00286463
0.00132221
0.045632
0.0444945
0.0417056
0.0255427
0.0172833
0.0177442
0.0210604
0.108101
0.107379
0.100508
0.0149526
0.0320065
0.0308389
0.0261376
0.010727
0.0173271
0.0117146
0.0140699
0.00334404
0.00155778
0.0042882
0.0096049
0.00878483
0.0960824
0.0884095
0.000572654
0.00299059
0.00764758
0.0827465
0.0833091
0.0869915
0.0168259
0.0139511
0.0547347
0.0644787
0.113111
0.107173
0.112457
0.00152095
0.0374544
0.0292923
0.0256381
0.0170708
0.0190519
0.0232649
0.0744973
0.0191609
0.0239641
0.00262291
0.00381079
0.0335129
0.0334179
0.0359679
0.0176659
0.124512
0.12261
0.124915
0.00496353
0.00463646
0.0670391
0.0491897
0.0134218
0.00672305
0.00463893
0.0112795
0.0184423
0.0206734
0.00235267
0.0281561
0.000564268
0.00446126
0.0314352
0.026971
0.0156943
0.0231496
0.025444
0.0184196
0.0220808
0.0261257
0.0784895
0.084214
0.050174
0.0229714
0.0147354
0.0200785
0.00838349
0.00712394
0.00524961
0.00766104
0.0423025
0.0449143
0.0476736
0.0105806
0.00632943
0.00375688
0.0482654
0.0547472
0.0507331
0.0175242
0.0126024
0.00871758
0.0116552
0.0138211
0.0708036
0.00751394
0.065223
0.0677784
0.0179592
0.0139145
0.00928829
0.00852945
0.0449935
0.114717
0.112335
0.0219305
0.0204906
0.0432746
0.0360358
0.0407265
0.0286476
0.0327152
0.0212569
0.0074608
0.00809981
0.00265551
0.00434044
0.0166307
0.00749917
0.012317
0.110453
0.1105
0.107598
0.0197922
0.0264585
0.0331435
0.0448927
0.0383836
0.0821821
0.0923406
0.078464
0.0928319
0.0955304
0.0934481
0.0134005
0.011422
0.0191084
0.00424033
0.0045918
0.114833
0.112064
0.106141
0.00895119
0.0110202
0.00543292
0.00341813
0.0144149
0.00570855
0.00983736
0.0055175
0.00694467
0.0218675
0.0220381
0.0168807
0.0195404
0.0592318
0.0517588
0.0195147
0.0165244
0.0101986
0.028614
0.023948
0.0348362
0.0114276
0.0177261
0.00169806
0.00286206
0.00632558
0.0370046
0.028771
0.0284551
0.0323437
0.0315038
0.0373267
0.0379885
0.0344484
0.0119
0.00910713
0.00901215
0.0462716
0.00943681
0.0057502
0.00245449
0.00221326
0.024374
0.0254316
0.00100925
0.00153367
0.125853
0.123358
0.00243684
0.00220155
0.0802156
0.0846271
0.0269131
0.0229063
0.0210742
0.0820518
0.086186
0.0883392
0.0593151
0.0517375
0.100209
0.098834
0.0895172
0.0887869
0.00191593
0.00203559
0.0253572
0.0227403
0.0277586
0.0244962
0.0213106
0.0174099
0.0184623
0.052013
0.0528254
0.0506487
0.0805537
0.0791399
0.0511606
0.0471943
0.0504698
0.0686032
0.0504437
0.0473303
0.0694777
0.0653025
0.0210069
0.0242645
0.0575865
0.0592076
0.076451
0.0729753
0.0712862
0.0697897
0.0606041
0.0577333
0.0620492
0.0580832
0.0899124
0.0625621
0.0668078
0.0763014
0.0774343
0.0847947
0.0833428
0.0213009
0.0156597
0.0133274
0.0113413
0.0205143
0.0188911
0.0186777
0.0163872
0.0109669
0.0090801
0.0143382
0.0120817
0.00962468
0.0162107
0.0152867
0.0162394
0.0138132
0.012405
0.00997907
0.00518093
0.00919962
0.00764192
0.0144237
0.0118248
0.00988636
0.0090024
0.00708995
0.000561758
0.000914026
0.00601602
0.00465016
0.00465689
0.00362136
0.006242
0.0101577
0.00763869
0.0202414
0.0165141
0.0524456
0.0565325
0.0531525
0.0485485
0.0565987
0.053425
0.0483951
0.0272745
0.0238956
0.0135615
0.0093266
0.0115445
0.048633
0.0449882
0.0185664
0.0163273
0.0110449
0.0129558
0.0193272
0.0177676
0.070668
0.0747838
0.0282928
0.0310993
0.00765324
0.00946231
0.0139562
0.0166352
0.0396983
0.0267196
0.0309185
0.0336469
0.0312381
0.0631656
0.0658632
0.0549673
0.052708
0.0113136
0.0637608
0.0671713
0.100509
0.100884
0.0771177
0.0791094
0.0592169
0.062907
0.00641806
0.0568331
0.0604336
0.0687715
0.0722017
0.0807704
0.0845383
0.0461614
0.0578179
0.0534596
0.0291518
0.0257996
0.0706448
0.0651527
0.028684
0.0259378
0.0684286
0.0716392
0.0568427
0.0486985
0.0975957
0.0945035
0.0187102
0.0506903
0.0755995
0.0733477
0.0190288
0.015237
0.0299617
0.0273969
0.0442012
0.0461718
0.0502655
0.0129058
0.0900851
0.0913761
0.0616601
0.0579754
0.0722263
0.0417744
0.039427
0.0341197
0.0308369
0.0184603
0.0160077
0.0717812
0.0666884
0.0343262
0.0126324
0.0131642
0.0651332
0.0619036
0.0216429
0.0213629
0.00663244
0.00676813
0.00839347
0.00994463
0.00908954
0.00726215
0.0109414
0.00886371
0.013375
0.0112607
0.0122168
0.00993825
0.00691143
0.00531598
0.00842939
0.00537023
0.0042823
0.00914492
0.0158664
0.0117101
0.00699809
0.00920456
0.00723666
0.00790501
0.00609589
0.0194343
0.0360358
0.0311335
0.00609374
0.00466395
0.0058681
0.0045336
0.00371033
0.00441206
0.00742503
0.00576508
0.00507007
0.00407163
0.00656381
0.00512863
0.00590181
0.00522153
0.00669928
0.00552662
0.0648257
0.00441375
0.00308227
0.0270623
0.0240809
0.0116379
0.00168206
0.000774252
0.0013933
0.00308799
0.00229811
0.003217
0.0164053
0.00118159
0.00247726
0.0326551
0.0376211
0.00082926
0.00181391
0.0958814
0.0987607
0.0172162
0.0110765
0.013404
0.0250971
0.0341685
0.0435694
0.0385963
0.0445382
0.0403156
0.00221005
0.00116685
0.002121
0.00187742
0.0105833
0.0129493
0.0179473
0.0160347
0.0126975
0.0161484
0.0188497
0.0258697
0.0230809
0.0155491
0.0175917
0.0226662
0.0149836
0.0173282
0.0367138
0.0329821
0.0209059
0.0247041
0.0364952
0.00184283
0.0023235
0.00084187
0.0366777
0.0388555
0.00178582
0.00882953
0.0106884
0.0192692
0.0169635
0.0180894
0.0152398
0.0265742
0.0292363
0.0523138
0.0152877
0.0132557
0.00419052
0.0052414
0.0301855
0.0325628
0.00918419
0.0104152
0.0279912
0.0235065
0.0488681
0.0299399
0.0334017
0.0167424
0.00389357
0.00282384
0.0791302
0.0166594
0.0373707
0.0355848
0.0470026
0.0501027
0.0116959
0.00948049
0.0651508
0.0614177
0.0369394
0.0333425
0.00370799
0.00461912
0.0407846
0.0557107
0.0517232
0.0282085
0.00391913
0.0346222
0.0251556
0.0216388
0.0186235
0.00125861
0.0057124
0.00428703
0.00324453
0.00236691
0.00756284
0.0412945
0.0422734
0.0470689
0.0471397
0.0416762
0.00920588
0.00741095
0.0146887
0.0170789
0.0867052
0.0900705
0.0842495
0.0817154
0.0250195
0.0222001
0.00858749
0.00972443
0.00584493
0.00443107
0.0718756
0.0690505
0.0618259
0.0655732
0.0782517
0.0767165
0.0416986
0.0381331
0.0443457
0.048366
0.0305132
0.0277839
0.0577308
0.0551137
0.0166063
0.0152854
0.0528421
0.0483567
0.013362
0.0153578
0.00671354
0.038123
0.0430209
0.0116791
0.00900757
0.0477523
0.00726059
0.00583811
0.0259712
0.0210004
0.0307855
0.0398281
0.00639587
0.00500898
0.00934161
0.00741097
0.0090699
0.0080236
0.0117762
0.091281
0.09361
0.0636228
0.0600286
0.0116158
0.0101229
0.0176138
0.0447536
0.0406715
0.00785958
0.00546072
0.00419087
0.00990921
0.10458
0.105149
0.0676815
0.0647037
0.0601021
0.055761
0.040536
0.0379717
0.0135083
0.0121029
0.0777917
0.0785347
0.0300913
0.0258564
0.0321805
0.036937
0.0841974
0.0865414
0.0418943
0.0462634
0.007502
0.00575287
0.0342167
0.0323388
0.0320487
0.0368927
0.0254541
0.0376004
0.0534916
0.0575366
0.0315355
0.0266854
0.00369259
0.00503011
0.00540193
0.00475485
0.0108625
0.0123229
0.0426707
0.0470812
0.0512006
0.0238002
0.0440043
0.0289627
0.0258072
0.012413
0.0196853
0.0420794
0.0148754
0.0121782
0.0239402
0.00914189
0.0180286
0.0142439
0.0356923
0.0535557
0.0478513
0.042393
0.0375102
0.012215
0.00732439
0.021844
0.0202775
0.0050314
0.00670508
0.00563057
0.0058358
0.0101911
0.00829151
0.010662
0.00638668
0.0254145
0.0393491
0.0338398
0.00730885
0.0219663
0.003023
0.00703962
0.00591447
0.00914364
0.0195225
0.0453094
0.037927
0.0245811
0.0355362
0.031716
0.00489824
0.00327579
0.00261096
0.00507767
0.00415761
0.0020898
0.00636201
0.0045888
0.0148724
0.0122266
0.0221073
0.0318389
0.0276512
0.00451236
0.00270673
0.00566554
0.00473019
0.00868299
0.00661112
0.00453607
0.00872527
0.00709632
0.0353288
0.0315484
0.0286652
0.0019323
0.00423298
0.0032858
0.0011246
0.00397471
0.00668721
0.00181809
0.00164804
0.00517773
0.00197138
0.00757554
0.00237949
0.00198076
0.00517098
0.00388311
0.00235332
0.00614438
0.0015364
0.00304025
0.00120517
0.00421664
0.00301219
0.00453715
0.0060397
0.00548482
0.00159127
0.00523428
0.0209547
0.0321788
0.0280762
0.00368354
0.00169625
0.00400973
0.00299331
0.00406967
0.00345492
0.0005886
0.00107651
0.00471657
0.00146733
0.00232722
0.0167818
0.0246173
0.0208656
0.0025861
0.00559715
0.0171555
0.00196443
0.00136312
0.00261753
0.00199678
0.000839942
0.00169086
0.00358574
0.000829441
0.00171607
0.00381157
0.00697521
0.00590134
0.000899995
0.00239716
0.00122544
0.00280413
0.00199559
0.000834677
0.00156841
0.00504286
0.00262586
0.00737848
0.0140383
0.00230918
0.00104215
0.00275045
0.00644834
0.00155735
0.00134359
0.00236779
0.00122745
0.00331788
0.000714044
0.00135163
0.000350059
0.000841317
0.00473071
0.00330451
0.000801179
0.00131495
0.00163965
0.00331977
0.00256023
0.00062199
0.00110099
0.00354606
0.0025094
0.000975852
0.00370861
0.00317943
0.000672887
0.00150097
0.00469868
0.0035185
0.0293604
0.022041
0.00293677
0.000843317
0.00165482
0.00158147
0.00322498
0.00247477
0.00140822
0.00250434
0.00208224
0.00473092
0.00243922
0.00441455
0.00342891
0.0146933
0.00348138
0.0007465
0.0025305
0.00183332
0.000933091
0.00294153
0.00217785
0.000604312
0.00118018
0.000749767
0.00139865
0.00266902
0.011944
0.0887124
0.0843599
0.00298459
0.00192545
0.00271382
0.0036725
0.00285014
0.000455334
0.00113739
0.00493606
0.00355846
0.000227734
0.000541807
0.00212157
0.00175401
0.000834456
0.00144937
0.0018312
0.0012452
0.000943856
0.00173545
0.000871951
0.00174998
0.00118672
0.0023767
0.00444136
0.00394778
0.00242106
0.000479916
0.000927435
0.00377781
0.00721632
0.0139866
0.0265968
0.0228241
0.00248485
0.00168371
0.0138141
0.00923362
0.00169439
0.00251571
0.00565953
0.00420892
0.000942254
0.00314317
0.00251981
0.00309361
0.00225324
0.00420414
0.00322559
0.0189054
0.00444461
0.00569553
0.000545171
0.00243459
0.0121586
0.00727863
0.0151333
0.0159925
0.0109772
0.0101534
0.000301691
0.000579896
0.00182084
0.0012261
0.00155893
0.00289552
0.00229932
0.00101601
0.00163042
0.000858802
0.00140484
0.0124916
0.0105578
0.00774874
0.0123576
0.0105124
0.00112552
0.00237549
0.000975175
0.00208436
0.024968
0.0279451
0.00215559
0.00305471
0.00394841
0.0308528
0.0285291
0.000996576
0.00196122
0.0112301
0.0105146
0.00892759
0.00516852
0.007323
0.00845828
0.00600761
0.00514396
0.00409541
0.00234096
0.00166099
0.0213371
0.0161435
0.000590376
0.00185736
0.00680184
0.00513343
0.00844147
0.0161606
0.0207818
0.0392006
0.0430649
0.011575
0.00976707
0.0300065
0.0334602
0.000300609
0.000642899
0.00178852
0.00117106
0.000946602
0.0118398
0.0397767
0.0422985
0.0063108
0.00770751
0.00351724
0.00264968
0.0137553
0.0148255
0.0518046
0.0487154
0.0414572
0.0376461
0.00233751
0.0206977
0.0176103
0.00768052
0.0100981
0.0184586
0.0185215
0.0215883
0.033875
0.0350304
0.00238067
0.0019902
0.00274321
0.00228003
0.0109207
0.0130062
0.00434829
0.00324272
0.076382
0.0782945
0.0270958
0.0107396
0.0124598
0.019432
0.0216545
0.007458
0.0055801
0.0327067
0.0371189
0.00778562
0.00605722
0.0224221
0.0261787
0.0485215
0.0451558
0.0191903
0.0230086
0.0156462
0.0140579
0.00756672
0.00897285
0.0244575
0.0233277
0.0269634
0.0388257
0.0344278
0.0257141
0.02731
0.0225164
0.00199253
0.00749339
0.0061361
0.0512269
0.0543816
0.036159
0.0331832
0.0074654
0.00216646
0.078049
0.00608878
0.0727763
0.0751006
0.0753285
0.0775096
0.0852452
0.0828813
0.0149574
0.0128472
0.0158929
0.0146088
0.0546141
0.0579854
0.0562599
0.052951
0.0470343
0.011161
0.0107647
0.0723274
0.0699181
0.0306613
0.0247847
0.00593794
0.00481826
0.00735247
0.0127295
0.0146037
0.0285608
0.025593
0.0683869
0.0633628
0.0197672
0.0302632
0.0927114
0.0907225
0.0111186
0.00924204
0.022884
0.0190093
0.0162076
0.0138792
0.00952415
0.0117526
0.00724134
0.00575055
0.0145825
0.0119444
0.0839029
0.0793854
0.00415019
0.00284833
0.00205911
0.00139399
0.0372847
0.0202256
0.0249223
0.0695027
0.0717382
0.0181313
0.0152909
0.0569798
0.00695533
0.00507726
0.00870656
0.0346907
0.00349165
0.0287042
0.0239791
0.00615276
0.00802551
0.0639277
0.066313
0.0394164
0.0364644
0.0280645
0.0253814
0.0170637
0.0141123
0.0240938
0.0047587
0.00453429
0.00616206
0.0108238
0.00874073
0.0528501
0.0477502
0.0418776
0.0385437
0.00549441
0.00419525
0.00354604
0.0063465
0.0047978
0.00219144
0.00165911
0.0307475
0.0269868
0.00816457
0.00635902
0.0185966
0.0899341
0.0920554
0.00434494
0.00367335
0.0152256
0.011384
0.00388477
0.00304036
0.0241943
0.0224668
0.0136657
0.00994876
0.007952
0.0869774
0.0878467
0.00728932
0.00618933
0.0299663
0.0180124
0.0193256
0.0155001
0.0178774
0.0311334
0.0271339
0.00854277
0.00735695
0.0035686
0.00290539
0.00493374
0.00369175
0.0165122
0.0190968
0.00317392
0.013517
0.04745
0.050983
0.00517181
0.00464282
0.00880245
0.0166888
0.0180187
0.00279838
0.00215939
0.0288184
0.0316981
0.02335
0.0213405
0.0324443
0.0347406
0.005113
0.00902897
0.0106909
0.0226887
0.0194492
0.0415403
0.0477987
0.0638671
0.0572405
0.022183
0.020928
0.00423314
0.00594253
0.00780047
0.0110515
0.00847708
0.0328866
0.0286653
0.0148432
0.0121546
0.00723591
0.00652169
0.00769215
0.00791602
0.0514996
0.0553203
0.00844431
0.0105951
0.0036989
0.0239905
0.00308804
0.00234159
0.0167689
0.0189321
0.0215387
0.0252125
0.0223475
0.00810286
0.00938847
0.0118069
0.0105467
0.0335358
0.0304391
0.00614286
0.00753847
0.0122472
0.00951957
0.0100566
0.0157452
0.0131688
0.00781913
0.00552596
0.0153337
0.0127843
0.00763193
0.00561717
0.049411
0.0530967
0.0100766
0.00797509
0.00527637
0.00661789
0.000973
0.00175429
0.00390339
0.0068564
0.00402027
0.0121057
0.0103807
0.00547563
0.00425895
0.00572521
0.00419724
0.0327195
0.0297248
0.0222954
0.0187056
0.0162082
0.0104541
0.0188129
0.0210088
0.00456254
0.00343913
0.0500128
0.0834708
0.0857488
0.059108
0.0625984
0.0394005
0.0362705
0.0241166
0.0210472
0.0333887
0.0282508
0.0219684
0.0189397
0.0183127
0.0168442
0.0201957
0.0174895
0.0120095
0.0105685
0.01299
0.0109976
0.0249209
0.0217506
0.0116998
0.0375881
0.0289763
0.0261285
0.044326
0.0151255
0.0124564
0.0521293
0.049411
0.010886
0.0093369
0.0265645
0.0105978
0.0091827
0.010749
0.00939939
0.00941385
0.00795342
0.00653297
0.00552899
0.00773562
0.00690113
0.0111883
0.00911535
0.00687467
0.00577432
0.00521786
0.00418137
0.00357864
0.00291486
0.00444413
0.00359288
0.00510748
0.00439689
0.00238644
0.00202017
0.00210827
0.0256308
0.0275314
0.000576608
0.00124984
0.00305374
0.0374494
0.0262557
0.00099649
0.00182299
0.000812373
0.00159115
0.000626891
0.00131836
0.0262516
0.0233275
0.0110203
0.0132701
0.00926711
0.0125632
0.0819123
0.0795853
0.0117435
0.0104538
0.0541861
0.0566345
0.0246875
0.0202903
0.00523145
0.00592374
0.0414656
0.0330367
0.0357594
0.0330192
0.00295932
0.00325635
0.0304307
0.0330004
0.00263922
0.00182075
0.00504826
0.0040079
0.00299458
0.0429694
0.0461021
0.00875957
0.00738506
0.0138592
0.0123254
0.0161494
0.0146705
0.034173
0.031395
0.017353
0.0153811
0.0492093
0.0189004
0.0174606
0.00596438
0.00513923
0.0084031
0.00764671
0.0128385
0.0108295
0.0806234
0.0821488
0.00636103
0.00538073
0.0077915
0.00663867
0.0254082
0.0569643
0.0516821
0.00852515
0.0107717
0.00881473
0.00858962
0.00646265
0.0125306
0.0100905
0.0180192
0.00675521
0.00553206
0.00812807
0.00645081
0.00614382
0.00627643
0.00512602
0.000491158
0.000982468
0.00319247
0.00225205
0.00558978
0.0039125
0.00297777
0.00239587
0.00519851
0.0036502
0.00078777
0.00142523
0.000516357
0.00113505
0.00446615
0.00295307
0.000840878
0.000770099
0.00156116
0.00249255
0.00202066
0.000381281
0.0011477
0.0173379
0.0179846
0.000198673
0.000741403
0.00641345
0.00745072
0.00653913
0.00790602
0.00338974
0.00236547
0.00522674
0.00446966
0.0221607
0.0241412
0.00642557
0.00690778
0.00455935
0.00390194
0.00404254
0.00360271
0.00242989
0.0031083
0.00356467
0.00297683
0.0128204
0.0147784
0.0454323
0.0486914
0.0182504
0.0213627
0.0404329
0.0447422
0.0430021
0.0454611
0.00545049
0.00442904
0.00532534
0.00698445
0.00239448
0.00147737
0.0150984
0.0120429
0.0485384
0.0509185
0.0227969
0.0247281
0.0236047
0.0206522
0.00106675
0.00245198
0.00916276
0.0107468
0.0039525
0.0030666
0.0152324
0.0142474
0.00831413
0.00733564
0.00524569
0.003826
0.00298946
0.0053214
0.00364181
0.0341761
0.0370245
0.00560006
0.0152997
0.013294
0.00781019
0.00941059
0.00348718
0.00274745
0.00362622
0.00269703
0.00398885
0.00309502
0.024105
0.0205127
0.01301
0.0152809
0.00605738
0.00370637
0.00254733
0.00473265
0.0039119
0.00206847
0.00111238
0.00329414
0.00280134
0.0520497
0.0558814
0.00924198
0.00768919
0.0147041
0.0127836
0.0127048
0.0143851
0.0172957
0.0145174
0.00398145
0.00322071
0.00373427
0.00511744
0.0260097
0.0288825
0.00926697
0.0100809
0.0168109
0.0195764
0.0276894
0.00472558
0.0040469
0.0153481
0.0177475
0.0249883
0.0228379
0.0209712
0.0603984
0.0262119
0.0288623
0.0390382
0.0348914
0.0264841
0.0287825
0.0169328
0.0156897
0.0162841
0.000831091
0.00163161
0.0202649
0.0247447
0.0150596
0.013056
0.0672862
0.0631396
0.0249218
0.0294887
0.07629
0.0741726
0.00111299
0.00202233
0.0326253
0.0292686
0.0202213
0.0171682
0.0262591
0.0234489
0.0386777
0.0359794
0.000315083
0.00132431
0.000675116
0.00434412
0.00494819
0.00346242
0.0334415
0.0269314
0.0283657
0.0321644
0.00130049
0.00301616
0.000644805
0.00184407
0.00564855
0.00489823
0.00250789
0.070482
0.0744489
0.0755626
0.0687924
0.00179863
0.00750179
0.00416194
0.056539
0.0459943
0.0512448
0.0518461
0.00124736
0.00277245
0.00333422
0.00111697
0.00151239
0.00431686
0.00359789
0.00169906
0.0163175
0.0133228
0.0130244
0.0167971
0.0568816
0.0540846
0.0554411
0.0561393
0.0478134
0.0420797
0.0423303
0.0487655
0.000811291
0.00139057
0.00135368
0.00049746
0.00256189
0.00217203
0.00102313
0.00347605
0.00468983
0.00189676
0.00428729
0.0051957
0.00476422
0.00385667
0.00766388
0.00865845
0.00635076
0.00215923
0.00135917
)
;

boundaryField
{
    frontAndBack
    {
        type            empty;
    }
    outlet
    {
        type            freestream;
        freestreamValue uniform 0.14;
        value           nonuniform List<scalar> 7(0.213341 0.358322 0.322163 0.212891 0.13105 0.121525 0.132699);
    }
    walls
    {
        type            nutUSpaldingWallFunction;
        Cmu             0.09;
        kappa           0.41;
        E               9.8;
        value           nonuniform List<scalar> 
28
(
0.00653205
0.00586819
0.0038677
0.00318851
0.00467728
0.00641209
0.004882
0.00439956
0.00546287
0.00477458
0.00469961
0.00525258
0.00632189
0.00560208
0.0055417
0.00641032
0.00642824
0.00411666
0.00397593
0.00731737
0.00506157
0.00685832
0.00728209
0.00797543
0.00672308
0.00515164
0.00653522
0.00558884
)
;
    }
    inlet
    {
        type            freestream;
        freestreamValue uniform 0.14;
        value           uniform 0.14;
    }
    airfoil
    {
        type            nutUSpaldingWallFunction;
        Cmu             0.09;
        kappa           0.41;
        E               9.8;
        value           nonuniform List<scalar> 
163
(
4.00229e-05
2.50414e-05
3.32435e-05
4.85713e-05
3.34435e-05
3.06748e-05
0.000103272
4.33607e-05
6.22401e-05
3.15138e-05
4.50084e-05
4.57964e-05
5.52741e-05
2.21875e-05
3.81258e-05
5.57757e-05
5.6805e-05
3.66226e-05
4.42836e-05
3.77028e-05
7.72161e-05
9.21645e-05
3.4212e-05
5.73131e-05
4.50698e-05
6.6907e-05
4.80223e-05
4.23952e-05
5.53794e-05
0.000130865
7.92195e-05
7.07706e-05
6.90273e-05
6.96672e-05
0.000116118
5.62585e-05
4.24671e-05
7.25456e-05
2.68855e-05
2.15266e-05
3.16259e-05
2.28885e-05
3.04033e-05
4.94472e-05
6.15091e-05
2.7249e-05
0.00014983
6.35955e-05
6.1613e-05
1.8126e-05
2.1613e-05
1.54869e-05
1.6214e-05
1.37401e-05
1.44628e-05
1.9656e-05
1.68743e-05
1.63111e-05
2.01265e-05
1.87045e-05
1.60753e-05
2.20141e-05
1.70701e-05
2.82079e-05
2.02879e-05
1.64356e-05
2.22867e-05
1.65503e-05
1.6792e-05
1.44259e-05
1.89179e-05
2.03215e-05
2.29665e-05
1.14857e-05
2.38488e-05
2.30896e-05
7.92534e-05
2.26417e-05
7.08892e-05
4.44609e-05
6.24963e-05
7.16675e-05
6.76456e-06
5.91326e-06
2.18506e-05
4.77778e-05
9.56877e-06
1.17253e-06
1.88309e-05
6.48801e-06
8.18932e-05
7.93884e-06
1.85855e-05
1.89437e-05
1.78573e-05
1.6804e-05
1.11193e-05
8.67876e-05
1.93702e-05
2.16294e-05
1.84061e-05
1.88199e-05
8.00844e-06
2.04637e-05
1.22546e-05
1.82418e-05
1.61967e-05
2.14208e-05
1.66802e-05
1.78132e-05
1.90886e-05
7.30737e-05
1.29446e-05
1.42918e-05
3.36262e-06
4.99572e-06
1.4045e-05
5.3214e-06
1.10911e-05
7.42774e-06
1.36761e-05
1.27243e-05
9.70369e-05
5.48832e-06
1.24159e-05
8.25947e-08
1.14416e-05
1.1409e-05
1.23123e-05
6.75877e-05
1.05509e-05
4.11961e-06
2.67191e-05
5.84821e-06
1.18788e-05
8.98849e-06
8.61021e-06
1.7988e-06
5.30627e-07
9.65828e-06
1.51609e-05
1.44958e-05
1.10926e-05
1.59482e-05
1.51367e-05
5.98261e-05
1.32984e-05
2.38282e-05
2.22067e-05
1.47273e-05
1.49043e-05
6.10424e-05
5.04267e-05
8.89688e-06
8.99995e-06
9.92632e-06
1.43735e-05
1.01021e-05
7.10954e-06
2.05888e-06
1.32008e-05
3.51306e-05
1.54966e-05
)
;
    }
}


// ************************************************************************* //
