/*--------------------------------*- C++ -*----------------------------------*\
| =========                 |                                                 |
| \\      /  F ield         | OpenFOAM: The Open Source CFD Toolbox           |
|  \\    /   O peration     | Version:  4.1                                   |
|   \\  /    A nd           | Web:      www.OpenFOAM.org                      |
|    \\/     M anipulation  |                                                 |
\*---------------------------------------------------------------------------*/
FoamFile
{
    version     2.0;
    format      ascii;
    class       volScalarField;
    location    "1590";
    object      nuTilda;
}
// * * * * * * * * * * * * * * * * * * * * * * * * * * * * * * * * * * * * * //

dimensions      [0 2 -1 0 0 0 0];

internalField   nonuniform List<scalar> 
5497
(
0.350993
0.293242
0.213341
0.330365
0.266679
0.141797
0.141589
0.358322
0.360666
0.268124
0.332409
0.322163
0.360666
0.248141
0.313934
0.1388
0.185367
0.230803
0.168434
0.230153
0.272268
0.171894
0.148039
0.170869
0.302841
0.14153
0.25732
0.19305
0.139734
0.153729
0.283325
0.141928
0.166308
0.189114
0.150509
0.188151
0.215722
0.17812
0.191829
0.217974
0.252242
0.145341
0.139854
0.119313
0.168873
0.154023
0.220065
0.191303
0.234814
0.21164
0.191924
0.286594
0.245072
0.345334
0.334505
0.33856
0.242
0.335211
0.32515
0.328105
0.212891
0.203251
0.141166
0.12795
0.227599
0.216211
0.220286
0.279324
0.254452
0.18988
0.14678
0.175908
0.139097
0.139849
0.314258
0.234198
0.344782
0.110017
0.144304
0.154243
0.377346
0.144987
0.109092
0.348785
0.249129
0.253466
0.247323
0.125388
0.157043
0.150046
0.111828
0.127797
0.183513
0.151015
0.139279
0.138147
0.138915
0.159049
0.180905
0.15454
0.0681592
0.000920087
0.139141
0.132561
0.142684
0.0757476
0.179764
0.0810564
0.000986143
0.139316
0.139476
0.196865
0.213345
0.139162
0.048037
0.139471
0.139064
0.138821
0.138108
0.138892
0.195682
0.208438
0.17077
0.139984
0.0738766
0.161348
0.173539
0.151877
0.181239
0.138334
0.143935
0.142778
0.138951
0.154068
0.144666
0.13747
0.139925
0.137942
0.138506
0.149428
0.135251
0.160182
0.181053
0.151565
0.138772
0.144276
0.137672
0.154088
0.149391
0.169428
0.138179
0.144214
0.144361
0.148806
0.152428
0.176939
0.13105
0.121525
0.138356
0.150332
0.138353
0.139139
0.138417
0.139182
0.195333
0.160048
0.183167
0.327806
0.277368
0.252573
0.365068
0.138976
0.1763
0.19491
0.20247
0.177125
0.132699
0.154057
0.169834
0.186338
0.186852
0.173871
0.154389
0.180932
0.159273
0.180817
0.0889468
0.104716
0.205632
0.218977
0.303133
0.264075
0.240295
0.198281
0.27897
0.238264
0.223754
0.149648
0.13981
0.141939
0.149162
0.283469
0.143688
0.151476
0.14537
0.168187
0.156391
0.139603
0.144083
0.139905
0.140014
0.234726
0.145972
0.143072
0.207849
0.183445
0.139577
0.139771
0.140093
0.139428
0.210224
0.196488
0.14544
0.140638
0.144237
0.152511
0.161724
0.169903
0.158107
0.187142
0.202482
0.177259
0.188999
0.15037
0.157004
0.174253
0.15703
0.147714
0.171227
0.14016
0.139616
0.168246
0.189252
0.14425
0.139889
0.139847
0.145083
0.153616
0.139496
0.139823
0.144396
0.146276
0.163637
0.151836
0.213396
0.196338
0.257781
0.259496
0.139357
0.0321986
0.0290142
0.025961
0.122349
0.137235
0.0550098
0.138713
0.0949316
0.0744379
0.0732055
0.0664623
0.0250769
0.0233807
0.138517
0.0455972
0.139586
0.138263
0.0547386
0.0594927
0.000884335
0.00128204
0.0575426
0.0515059
0.140846
0.0596987
0.0205972
0.132645
0.0247598
0.127035
0.0874231
0.0385409
0.0432385
0.0398119
0.0384766
0.0410402
0.0477779
0.0451783
0.0437178
0.0465839
0.0472377
0.0409214
0.138954
0.064858
0.139449
0.034392
0.0367782
0.13361
0.130971
0.138905
0.139332
0.0769343
0.0668021
0.0723805
0.070373
0.140171
0.140001
0.129081
0.142759
0.0271605
0.137606
0.139042
0.0701138
0.0612736
0.0613395
0.0682453
0.139042
0.139131
0.138208
0.137835
0.0537874
0.130915
0.142075
0.0501123
0.057496
0.0505451
0.055664
0.0506025
0.0568142
0.0458231
0.107424
0.0979408
0.103482
0.138769
0.138293
0.170544
0.156704
0.0472889
0.055048
0.0502889
0.0515928
0.0277207
0.139673
0.139857
0.139414
0.150737
0.159905
0.144487
0.1597
0.151368
0.153101
0.133154
0.126397
0.165233
0.142886
0.157775
0.146352
0.138515
0.139784
0.0235394
0.0224887
0.0216502
0.0369435
0.0318808
0.0321796
0.0356532
0.0813423
0.000993556
0.128342
0.140141
0.139561
0.139424
0.137699
0.13514
0.136181
0.136676
0.135468
0.138119
0.139178
0.139322
0.138971
0.139034
0.13693
0.131126
0.137739
0.133114
0.110358
0.137632
0.137849
0.138427
0.138097
0.133792
0.131712
0.145564
0.133882
0.138308
0.316914
0.138446
0.132573
0.120885
0.130112
0.120066
0.14777
0.141065
0.143192
0.0812136
0.0868246
0.00124585
0.139446
0.139461
0.138631
0.143406
0.142128
0.140187
0.140303
0.276959
0.193143
0.0931989
0.0998691
0.121113
0.140793
0.140313
0.140179
0.128088
0.103447
0.0976663
0.159856
0.150117
0.139415
0.13998
0.154425
0.143949
0.138049
0.129394
0.113907
0.117832
0.113504
0.0299431
0.137997
0.0287733
0.141133
0.135995
0.333531
0.268117
0.138648
0.138591
0.173316
0.12953
0.12996
0.00104591
0.00124347
0.162954
0.179045
0.139643
0.154954
0.137894
0.306298
0.266421
0.234397
0.218277
0.237683
0.137757
0.137902
0.139135
0.143773
0.14033
0.139761
0.170737
0.151598
0.0612632
0.0654462
0.0612148
0.138206
0.139256
0.155212
0.151562
0.139481
0.179768
0.188195
0.143381
0.0330936
0.139957
0.140148
0.139829
0.139428
0.0335914
0.0370344
0.0329205
0.1378
0.137596
0.137992
0.136621
0.134105
0.132384
0.137091
0.0409353
0.0417264
0.0370499
0.0379967
0.224011
0.20687
0.184225
0.0483742
0.0557833
0.138552
0.140047
0.139158
0.139208
0.0693531
0.0630152
0.169692
0.179649
0.139276
0.139775
0.138824
0.139868
0.137855
0.138896
0.138204
0.0173774
0.028367
0.139229
0.138473
0.115976
0.00211331
0.0891347
0.0332113
0.0382335
0.0971114
0.109784
0.0674377
0.0676227
0.0589486
0.0357006
0.0305317
0.121811
0.13817
0.0301033
0.00129151
0.0327598
0.0307118
0.111476
0.124178
0.0404677
0.110846
0.11667
0.0881632
0.0220177
0.0994321
0.0605615
0.0584013
0.055875
0.0256202
0.0271381
0.116069
0.126788
0.0903882
0.0827728
0.0841602
0.0903305
0.138828
0.139868
0.139026
0.0159076
0.140373
0.14014
0.140508
0.139856
0.131218
0.124141
0.127109
0.129571
0.133083
0.131466
0.101099
0.106961
0.104203
0.104057
0.0229169
0.0267277
0.0315024
0.0288691
0.02906
0.129558
0.126263
0.127118
0.137619
0.13765
0.137419
0.13836
0.0245574
0.0289745
0.138412
0.138642
0.0220131
0.0424224
0.129735
0.127043
0.124795
0.132679
0.137307
0.0494029
0.0441501
0.0892602
0.0815246
0.0374358
0.125718
0.131116
0.127972
0.129249
0.124914
0.120049
0.138238
0.136943
0.135629
0.135243
0.136462
0.153182
0.129266
0.00150484
0.133012
0.00666652
0.0047773
0.00547514
0.0053809
0.00325983
0.0951548
0.00116366
0.0113031
0.133704
0.00293734
0.121844
0.278659
0.0953081
0.132062
0.0223581
0.0213541
0.00126542
0.138285
0.13876
0.0262572
0.199529
0.161452
0.137822
0.134109
0.0231923
0.019109
0.107295
0.121479
0.130444
0.137274
0.137923
0.137823
0.00542208
0.0992037
0.167732
0.219782
0.141272
0.131411
0.116381
0.127591
0.117928
0.120474
0.125482
0.134673
0.132486
0.0294044
0.0272783
0.0253176
0.154477
0.0317634
0.0333657
0.138639
0.02643
0.0225037
0.118916
0.135932
0.111587
0.107368
0.00190101
0.127228
0.0595628
0.0164212
0.0200517
0.125572
0.12812
0.123096
0.117518
0.145819
0.139165
0.127292
0.112532
0.116099
0.132464
0.155943
0.195159
0.155782
0.142293
0.138292
0.135883
0.119926
0.146392
0.145806
0.13872
0.0011846
0.110487
0.109663
0.11017
0.017962
0.121719
0.122172
0.11597
0.00685634
0.138002
0.118933
0.120363
0.117207
0.0572781
0.0539698
0.0468658
0.0142934
0.139551
0.11603
0.00442172
0.119108
0.120078
0.146628
0.111173
0.115693
0.133993
0.00400462
0.123515
0.124253
0.0185619
0.0211483
0.0199455
0.138835
0.139118
0.13902
0.0983565
0.138663
0.142978
0.13512
0.13629
0.137047
0.138039
0.137956
0.138363
0.129195
0.124867
0.0168957
0.00106605
0.0594251
0.122108
0.139042
0.139814
0.0254061
0.11349
0.113933
0.00932886
0.0204561
0.333613
0.240848
0.0242744
0.0296117
0.0265104
0.10367
0.144566
0.0305338
0.0323739
0.0296813
0.132851
0.13414
0.0244842
0.0268805
0.132871
0.130121
0.126479
0.260352
0.185115
0.0185656
0.0216546
0.0298744
0.0260404
0.0229003
0.0266621
0.0305783
0.0267044
0.012813
0.131126
0.137238
0.134997
0.14954
0.169482
0.194911
0.139084
0.139288
0.138266
0.138199
0.138283
0.0452364
0.0480591
0.170969
0.192495
0.135004
0.0408138
0.0292161
0.0339384
0.119725
0.12259
0.11763
0.146474
0.139601
0.139201
0.138785
0.140264
0.139849
0.140331
0.139931
0.152402
0.143729
0.0175635
0.0157765
0.12273
0.119448
0.139554
0.139982
0.119164
0.00406793
0.129609
0.0342697
0.0401595
0.126755
0.123019
0.12398
0.00165823
0.0176347
0.0159223
0.0150713
0.130059
0.146407
0.144169
0.0885867
0.0926703
0.139683
0.14023
0.0934673
0.0899494
0.0816469
0.0809399
0.0702778
0.0724792
0.139478
0.139158
0.117358
0.118856
0.119228
0.0378317
0.0407416
0.111564
0.111257
0.115549
0.114995
0.13395
0.0216113
0.134082
0.1372
0.0241781
0.135869
0.0977938
0.137567
0.137184
0.132992
0.1366
0.135211
0.135987
0.104393
0.0322662
0.029647
0.103756
0.0971759
0.134462
0.124023
0.0429906
0.0379511
0.0447781
0.040955
0.0419426
0.0283805
0.0222657
0.109623
0.110839
0.138699
0.138899
0.139206
0.0977669
0.112559
0.137701
0.137912
0.103843
0.113931
0.111004
0.0392053
0.041291
0.0331306
0.136466
0.137362
0.137171
0.064541
0.050857
0.0559672
0.0020869
0.0683866
0.0767378
0.0233102
0.136156
0.136717
0.109222
0.135929
0.137472
0.137229
0.136447
0.13028
0.132413
0.132377
0.131111
0.12753
0.137382
0.129043
0.139492
0.0762357
0.139233
0.138911
0.137043
0.13891
0.138702
0.0840231
0.0918785
0.0558037
0.0589238
0.00348978
0.00299526
0.00937998
0.00847766
0.000856741
0.00128678
0.00105272
0.00116495
0.126833
0.124467
0.117328
0.00314115
0.00208482
0.137497
0.00112928
0.00149297
0.00106588
0.00153695
0.0818702
0.0848612
0.0112726
0.00198192
0.00218895
0.00317416
0.127478
0.126171
0.00259848
0.00304703
0.11468
0.00121478
0.118151
0.119183
0.120408
0.128531
0.0973964
0.134806
0.00250158
0.00227566
0.132683
0.130776
0.0894546
0.00174854
0.0282243
0.0274362
0.00643699
0.00251358
0.00290961
0.00325328
0.107819
0.100067
0.00148503
0.00100289
0.00136051
0.133828
0.134934
0.00527973
0.00345488
0.00505446
0.104161
0.109778
0.00828409
0.0117917
0.0178437
0.0243136
0.0255126
0.116867
0.103747
0.00158798
0.127151
0.12901
0.0821593
0.0825104
0.11746
0.00429066
0.00605668
0.00575519
0.00604568
0.00147025
0.00194647
0.052381
0.0437586
0.130032
0.128597
0.131446
0.13635
0.137419
0.137949
0.100862
0.0996726
0.0313776
0.0354766
0.127999
0.125322
0.0241835
0.0240668
0.0261103
0.138463
0.138769
0.138348
0.00144392
0.135292
0.136191
0.00764379
0.119051
0.124677
0.121191
0.134715
0.131224
0.132544
0.112565
0.100419
0.0904544
0.14778
0.141435
0.0880253
0.0794893
0.0799339
0.0035563
0.0181399
0.0205745
0.0184577
0.0184566
0.0956874
0.0991391
0.00819242
0.00982438
0.126328
0.123916
0.0101537
0.138621
0.138362
0.138169
0.12993
0.128916
0.0131591
0.0122046
0.129846
0.138636
0.137971
0.138235
0.136922
0.136419
0.129904
0.146733
0.138871
0.0119005
0.00999359
0.0103002
0.173147
0.193345
0.153324
0.142435
0.129292
0.132958
0.131211
0.137714
0.0148782
0.0128181
0.2495
0.30454
0.0126895
0.0211296
0.135156
0.138301
0.138371
0.00844916
0.00841146
0.00595282
0.130975
0.129979
0.127902
0.131313
0.0185209
0.0160925
0.139025
0.139306
0.139341
0.112367
0.108017
0.101116
0.101289
0.0653973
0.0706604
0.0771635
0.123048
0.137115
0.137707
0.138263
0.136991
0.160912
0.150241
0.100771
0.106235
0.1355
0.0241385
0.0215058
0.0223422
0.0237725
0.0209589
0.0821634
0.0930928
0.0872852
0.123861
0.122229
0.122383
0.12825
0.126715
0.124134
0.12641
0.128355
0.124643
0.132635
0.132418
0.134557
0.13913
0.0298548
0.0316076
0.0360851
0.133296
0.134151
0.131907
0.137041
0.137555
0.0488672
0.0468426
0.0512185
0.13553
0.142618
0.141052
0.154159
0.090032
0.101423
0.132943
0.130238
0.129427
0.131691
0.132867
0.131097
0.129876
0.121392
0.0724669
0.0621205
0.0383265
0.0317283
0.0750987
0.0712691
0.0892632
0.133848
0.134371
0.134618
0.133747
0.0900428
0.0881176
0.126016
0.127763
0.127389
0.126544
0.132526
0.0199813
0.0202067
0.129206
0.131369
0.0367882
0.0356754
0.134658
0.13623
0.135335
0.134978
0.135628
0.0736623
0.0810941
0.0727631
0.0800509
0.045683
0.0397637
0.0392959
0.0448933
0.135711
0.135959
0.136247
0.135549
0.00498718
0.117514
0.110585
0.119545
0.105829
0.129918
0.13099
0.0596674
0.124474
0.127987
0.0896031
0.00105324
0.120349
0.104629
0.0616679
0.122815
0.123927
0.0739696
0.109954
0.00132695
0.00171385
0.00104929
0.0815147
0.00151198
0.130995
0.0463951
0.00148862
0.00191847
0.0878591
0.0782636
0.13546
0.105945
0.065722
0.0167703
0.129572
0.130222
0.128436
0.120303
0.122821
0.129503
0.00729124
0.112615
0.0804047
0.0711362
0.00562496
0.00598871
0.00143026
0.116901
0.118386
0.130047
0.00946531
0.014529
0.0156067
0.00872747
0.0814204
0.0087661
0.00293806
0.119161
0.0718294
0.0714819
0.0113118
0.118393
0.00485794
0.0769145
0.0676449
0.117266
0.133798
0.131894
0.137885
0.03885
0.00108553
0.00156936
0.128478
0.126612
0.0018529
0.00135665
0.00240874
0.00663735
0.0682144
0.0772739
0.0738798
0.131882
0.13306
0.0100658
0.00639524
0.00638813
0.00866713
0.0911758
0.00296116
0.00294787
0.021923
0.132011
0.132015
0.132946
0.131866
0.11673
0.11058
0.10685
0.112174
0.0072604
0.131465
0.118523
0.0942274
0.02505
0.0262487
0.0108335
0.102855
0.128663
0.129648
0.131906
0.00744205
0.0124289
0.00963475
0.00952016
0.010428
0.00496438
0.00682315
0.00605618
0.00400832
0.0990194
0.0304596
0.0251616
0.0270809
0.0321869
0.0368902
0.0897749
0.0813037
0.00273946
0.130914
0.131728
0.0122711
0.0104991
0.00187061
0.00281842
0.113982
0.00353584
0.00218981
0.00245053
0.134728
0.136276
0.00132254
0.00200056
0.00177372
0.0129848
0.0118842
0.0061721
0.00590433
0.098593
0.0997475
0.0110013
0.012539
0.10914
0.116811
0.112742
0.133722
0.132048
0.123659
0.114269
0.127146
0.0188421
0.00258324
0.00176266
0.00162639
0.00293202
0.00246105
0.00405939
0.00417218
0.0171438
0.00127373
0.00171914
0.00182518
0.131317
0.0195725
0.01829
0.134407
0.135186
0.117608
0.119565
0.00143582
0.00192084
0.0231355
0.0392778
0.12504
0.0104443
0.134108
0.13329
0.132567
0.107497
0.0991555
0.10082
0.0163707
0.0176907
0.133897
0.133234
0.109528
0.10542
0.106618
0.134631
0.133944
0.133162
0.129841
0.129086
0.131326
0.0147097
0.131621
0.129684
0.0123414
0.0110619
0.116842
0.11181
0.10985
0.00193824
0.00263361
0.0190682
0.018008
0.118866
0.12147
0.122005
0.0601247
0.0620707
0.0961922
0.0889453
0.00248472
0.00253321
0.00455662
0.00307654
0.136671
0.116342
0.123593
0.12002
0.136767
0.137521
0.128782
0.122951
0.123569
0.0661876
0.0231128
0.0209885
0.0248144
0.0235771
0.13407
0.0312232
0.0275401
0.0137741
0.0226323
0.135105
0.135886
0.00255936
0.0035736
0.00272537
0.0021031
0.00143341
0.00210597
0.00408168
0.00320941
0.00441815
0.114492
0.116547
0.11806
0.111037
0.105467
0.0489842
0.0469151
0.0356177
0.0358631
0.00605024
0.00550385
0.108155
0.114101
0.00817377
0.00998079
0.115554
0.127551
0.129361
0.151667
0.135781
0.014087
0.0146305
0.0650425
0.0701392
0.0628618
0.00625898
0.0046472
0.00647997
0.0379537
0.0395746
0.00110479
0.00146188
0.00154232
0.0173301
0.0137205
0.0143895
0.133833
0.135435
0.145609
0.148877
0.133759
0.132925
0.13167
0.0193417
0.022049
0.016636
0.0185276
0.0216897
0.0207737
0.0016745
0.00232061
0.112137
0.114409
0.107778
0.112621
0.103191
0.101062
0.109052
0.136275
0.137442
0.136861
0.127281
0.126084
0.113953
0.116175
0.108475
0.123858
0.125965
0.128334
0.129191
0.139746
0.139554
0.0229606
0.0219384
0.0670762
0.0650408
0.0556206
0.123343
0.0355012
0.11508
0.1254
0.10744
0.00164547
0.0531495
0.000960434
0.126765
0.123361
0.125307
0.00184719
0.0193422
0.00137322
0.130409
0.13063
0.129002
0.126892
0.128347
0.128277
0.12708
0.117413
0.119454
0.127378
0.12655
0.00182936
0.105295
0.0989865
0.0857415
0.12888
0.128711
0.128098
0.129786
0.134233
0.133232
0.133729
0.133617
0.11188
0.114238
0.0851712
0.00867896
0.00727524
0.00403173
0.00390617
0.114861
0.119668
0.116728
0.106889
0.00231751
0.00142204
0.0517543
0.0651287
0.116265
0.119347
0.014556
0.071969
0.118191
0.120219
0.123692
0.131898
0.132825
0.0682198
0.0897418
0.0815895
0.0549696
0.0656843
0.0820012
0.00556838
0.00560714
0.123907
0.0130516
0.00960805
0.0152149
0.051228
0.0447666
0.0542191
0.125761
0.115158
0.0120093
0.12801
0.126801
0.12871
0.12982
0.0708832
0.0693377
0.0585544
0.0615579
0.0930614
0.113368
0.113405
0.105327
0.109279
0.0982419
0.111428
0.114176
0.115779
0.112722
0.114466
0.106642
0.0121946
0.0176069
0.0104445
0.073482
0.0829515
0.0110395
0.00993083
0.111001
0.114001
0.106504
0.105896
0.0649482
0.0417683
0.063886
0.112277
0.0023645
0.00163292
0.0915052
0.0836134
0.123152
0.070715
0.098531
0.00138623
0.00348637
0.00492931
0.0448532
0.00291531
0.00249324
0.00252007
0.0133354
0.0148266
0.128678
0.127094
0.119782
0.123481
0.126387
0.122961
0.123392
0.0570206
0.0666881
0.109614
0.106717
0.121974
0.119587
0.0743366
0.0923897
0.0827031
0.112819
0.0155834
0.00782407
0.00637101
0.00585438
0.00779587
0.0071658
0.00814968
0.0100228
0.00969131
0.0117599
0.123063
0.12489
0.120429
0.101006
0.0504137
0.0614035
0.0144481
0.0156826
0.0145364
0.104464
0.108875
0.0824372
0.0915647
0.139149
0.00381468
0.00438236
0.0841007
0.0934642
0.0933546
0.00909197
0.00824097
0.00642787
0.134334
0.125296
0.123577
0.119656
0.0789465
0.0818582
0.0733165
0.0705125
0.0790645
0.0704681
0.128964
0.12608
0.127752
0.0794279
0.0854438
0.0990777
0.125809
0.104435
0.109045
0.111176
0.0935889
0.0095646
0.00821063
0.011497
0.0126946
0.0111554
0.0633764
0.0535134
0.0440875
0.11276
0.104831
0.0105178
0.00427091
0.0733028
0.073032
0.103058
0.10655
0.147133
0.142906
0.0963572
0.0134545
0.0130462
0.0107273
0.114729
0.115305
0.0781303
0.0616316
0.129451
0.126961
0.0132423
0.0183721
0.0179502
0.0200143
0.0193168
0.130944
0.131764
0.132681
0.00385179
0.00476574
0.00454628
0.00863231
0.123869
0.128338
0.12906
0.126025
0.00722342
0.00686086
0.00375883
0.00416629
0.00588915
0.109353
0.00611756
0.0042359
0.00646008
0.00466767
0.112112
0.0062323
0.007495
0.0056986
0.00744344
0.00209961
0.00192708
0.00178424
0.0337391
0.0304999
0.12382
0.00681215
0.00704903
0.00590489
0.0924856
0.0896462
0.0820952
0.00372786
0.0168374
0.0194134
0.116257
0.120344
0.0228592
0.0214133
0.114879
0.114017
0.0789431
0.123237
0.125664
0.00341484
0.0150385
0.0162287
0.0137285
0.106498
0.106963
0.111638
0.01714
0.129861
0.12694
0.131791
0.117828
0.0738651
0.0642679
0.0156782
0.0145611
0.00667827
0.00663834
0.129571
0.126002
0.127004
0.110891
0.118435
0.122429
0.119362
0.117751
0.122483
0.0165434
0.0158439
0.0187005
0.0882597
0.0795187
0.0828852
0.0767759
0.124199
0.121343
0.0750441
0.0112066
0.01232
0.00922399
0.0115462
0.00381588
0.00322825
0.00953832
0.0081044
0.0084112
0.118283
0.115678
0.00334738
0.00331111
0.00458984
0.0145088
0.0117149
0.0143752
0.0536963
0.0477681
0.0629363
0.0184193
0.0173957
0.0190951
0.0116573
0.00834314
0.00898174
0.1202
0.113193
0.103344
0.0938374
0.0885815
0.0930803
0.0905533
0.0856556
0.0917446
0.00492811
0.00575747
0.116431
0.120765
0.00410659
0.00319315
0.00387147
0.00246442
0.00267283
0.00161671
0.120424
0.11815
0.119277
0.124617
0.135201
0.136494
0.13604
0.0967998
0.0226904
0.0200158
0.0199134
0.0513442
0.0525618
0.137684
0.13743
0.136913
0.136714
0.107914
0.103424
0.0113892
0.0108145
0.0221382
0.0196108
0.0485866
0.0247198
0.113758
0.109212
0.0956359
0.0591048
0.00069861
0.00135104
0.000473021
0.00073877
0.000538742
0.000637206
0.000781909
0.000715633
0.000741565
0.00114458
0.000670612
0.000484661
0.00116777
0.00259795
0.000611713
0.00135108
0.0100873
0.0203546
0.113642
0.119011
0.113309
0.113086
0.00104684
0.000804973
0.0280972
0.00118003
0.00818251
0.0108731
0.00828412
0.0116596
0.000519236
0.00128162
0.121323
0.12159
0.119015
0.00077762
0.11558
0.118316
0.118057
0.11595
0.102415
0.000656166
0.0799729
0.000990197
0.000749995
0.00115822
0.0098107
0.000572675
0.0692446
0.0372282
0.0331461
0.0354663
0.0276345
0.0983952
0.0977646
0.0713804
0.0430463
0.0613192
0.0904451
0.10692
0.029686
0.00165703
0.101442
0.0323147
0.0301911
0.0523956
0.0276578
0.05714
0.0499718
0.0252528
0.0692335
0.0794329
0.044036
0.0809013
0.0238293
0.0715488
0.0436183
0.102558
0.0623938
0.0317339
0.0972459
0.087061
0.113513
0.108781
0.108356
0.0543166
0.105139
0.0354137
0.032469
0.00130994
0.073392
0.0762052
0.0611516
0.0687302
0.0908902
0.108041
0.103796
0.0826838
0.0673182
0.0781102
0.0377199
0.0278539
0.0883774
0.0862612
0.0206729
0.0198513
0.0184122
0.103797
0.0984861
0.104824
0.0311099
0.0687381
0.0699365
0.118754
0.114952
0.108937
0.104126
0.100335
0.0890868
0.109502
0.111472
0.114712
0.0645261
0.0820035
0.063402
0.0712525
0.0748315
0.0492519
0.0477235
0.110431
0.035609
0.0104995
0.00834039
0.100085
0.0950671
0.0936426
0.0292536
0.11147
0.113142
0.0406989
0.0393224
0.00137721
0.00718391
0.00900272
0.0530086
0.0518413
0.0496124
0.120486
0.118571
0.0877283
0.082118
0.107567
0.0855971
0.0738195
0.0776798
0.0735901
0.0625689
0.0522558
0.0116219
0.00218157
0.00181615
0.00241581
0.133542
0.123494
0.125539
0.0465917
0.11545
0.110606
0.0589366
0.065972
0.103532
0.0367862
0.0392519
0.0567985
0.0989931
0.104172
0.101342
0.106969
0.079568
0.103088
0.126164
0.0153465
0.0140154
0.0151391
0.0175516
0.114806
0.109133
0.111587
0.00232606
0.102618
0.00811344
0.0546067
0.0615896
0.0123132
0.0408617
0.0935959
0.0991317
0.10898
0.111849
0.046102
0.082419
0.0385988
0.118981
0.116612
0.117944
0.115417
0.113887
0.0895937
0.0825747
0.0641012
0.0747546
0.0138408
0.00832677
0.0942842
0.0118896
0.101366
0.094884
0.0106822
0.0106728
0.00538837
0.00708461
0.0189568
0.020241
0.103271
0.101035
0.0553559
0.0520738
0.0441596
0.0960482
0.0924702
0.0861309
0.0560603
0.00132308
0.0554758
0.0464219
0.0543399
0.0393996
0.0363936
0.102966
0.0075303
0.00768205
0.00955119
0.112217
0.021625
0.0142896
0.0135448
0.0149716
0.0987794
0.103419
0.109527
0.102735
0.0992805
0.0926826
0.0175364
0.0541207
0.0438883
0.0449859
0.0450887
0.122069
0.119638
0.109184
0.115004
0.0621397
0.1313
0.130033
0.00220343
0.00170546
0.00183485
0.12165
0.124397
0.0333445
0.109587
0.0966618
0.0117847
0.0108498
0.0714437
0.0786952
0.0725226
0.110903
0.115264
0.120503
0.122995
0.124463
0.110918
0.11782
0.11463
0.00546394
0.0549218
0.0637121
0.0577808
0.136595
0.135559
0.133911
0.0030351
0.00215878
0.00630379
0.0810097
0.0859917
0.0950672
0.0346323
0.0529962
0.0625625
0.0709301
0.0440582
0.0492623
0.0818464
0.088536
0.00799684
0.0157594
0.0156731
0.0950598
0.100588
0.0162908
0.0152106
0.0140694
0.0144213
0.0117208
0.0854515
0.0746699
0.0683184
0.0821292
0.00210416
0.00264859
0.00333413
0.111898
0.108958
0.103818
0.01278
0.0105595
0.0132151
0.00411575
0.00315024
0.00494059
0.00443679
0.103262
0.0966772
0.0887069
0.0695131
0.0780152
0.0370937
0.0356071
0.0288586
0.0282362
0.0304969
0.0085008
0.000403465
0.000308637
0.0753868
0.0956135
0.000720957
0.0935709
0.000562478
0.00423403
0.0176712
0.0330665
0.033255
0.000249265
0.0820381
0.0910162
0.0393687
0.0744642
0.08117
0.0187862
0.0144801
0.0609146
0.0656097
0.0002278
0.000668795
0.000322364
0.0079849
0.116802
0.11352
0.114429
0.115468
0.0509945
0.0459892
0.0441755
0.0505996
0.0997356
0.0940411
0.0963471
0.00253002
0.099788
0.037249
0.0154675
0.0961275
0.104398
0.10816
0.0746299
0.0754769
0.0969914
0.0961697
0.0933117
0.0999244
0.00261216
0.00457127
0.00406201
0.00387086
0.00666654
0.00892522
0.0066117
0.00826663
0.0192177
0.0166225
0.0198557
0.0166718
0.0434191
0.0343149
0.041423
0.0289136
0.000768164
0.0542741
0.059089
0.0388298
0.0962142
0.0202291
0.000630971
0.0418187
0.0459124
0.00513047
0.0678549
0.00456594
0.0545865
0.0356042
0.0335893
0.0263962
0.0176139
0.0240592
0.00295618
0.00653749
0.00741041
0.0786031
0.0156929
0.0122249
0.0043796
0.0029742
0.0243092
0.00242113
0.0117583
0.00424475
0.0700597
0.0638487
0.0938333
0.0420323
0.0402892
0.0168297
0.0113702
0.0159021
0.0330369
0.0580077
0.000633708
0.00979311
0.00549719
0.0134721
0.0244532
0.0324259
0.0635836
0.000635147
0.0607445
0.0650864
0.000564237
0.0417875
0.108773
0.0871001
0.0778791
0.0542418
0.0432067
0.000745097
0.0021239
0.0327382
0.02878
0.000612127
0.00219004
0.00677565
0.0611268
0.0120735
0.00568732
0.083738
0.0760946
0.00257388
0.00682036
0.0429011
0.0394912
0.00614065
0.075479
0.0732149
0.0016722
0.10193
0.0980292
0.1006
0.0114988
0.00252922
0.0205631
0.00172209
0.00125332
0.00185857
0.00433684
0.00159677
0.00416218
0.000709877
0.0471825
0.00106031
0.000908281
0.0011812
0.0353246
0.0339691
0.000376386
0.0009552
0.0225497
0.012363
0.0178465
0.0130124
0.0664198
0.0403052
0.0445723
0.00498034
0.0194309
0.0128935
0.0169403
0.0863781
0.0814663
0.0178463
0.0206916
0.0158897
0.0110636
0.0107754
0.00688067
0.00394318
0.0112302
0.0277954
0.00414381
0.0105897
0.0889501
0.00352585
0.0855565
0.0830781
0.0169897
0.00787078
0.00365726
0.0101251
0.00398432
0.0201513
0.0147722
0.0127484
0.102789
0.0872967
0.00917832
0.0951615
0.0912344
0.0580655
0.0621071
0.0211837
0.0177304
0.0732838
0.000901511
0.0298142
0.0347216
0.0119371
0.0127487
0.0247932
0.0311275
0.0272347
0.0202699
0.0203298
0.0797019
0.0783686
0.0470163
0.0893508
0.0978868
0.019311
0.011378
0.0163493
0.0921612
0.0960646
0.0865242
0.0646411
0.0903142
0.00285603
0.0302771
0.0455753
0.0490791
0.000636198
0.0822129
0.0852758
0.0898919
0.0400197
0.0422627
0.0386122
0.0394965
0.0354168
0.00211364
0.00462248
0.00390489
0.0118581
0.0232881
0.0279606
0.00400862
0.0114584
0.0185157
0.00304408
0.0209687
0.0249616
0.0302198
0.0305465
0.10935
0.108796
0.0969525
0.0943367
0.00962399
0.0174883
0.0150193
0.0702935
0.0613614
0.0911902
0.0870378
0.0248994
0.0324582
0.0319813
0.000772956
0.00259641
0.0065591
0.000802219
0.00638078
0.00992869
0.0220512
0.00867731
0.0465912
0.00085063
0.00261873
0.00742395
0.0210849
0.0151746
0.061096
0.0862673
0.0902375
0.039686
0.00976207
0.0107486
0.0173504
0.100959
0.0952105
0.0971403
0.0977391
0.0670179
0.00960148
0.0141451
0.0915148
0.0949218
0.0242249
0.0327441
0.0448403
0.0391028
0.000947727
0.0231804
0.0171734
0.000704918
0.00184254
0.00519039
0.0646161
0.061929
0.0602986
0.0425218
0.0242993
0.0962315
0.0347023
0.040932
0.038893
0.0362512
0.077856
0.0712582
0.0680798
0.120808
0.0434189
0.0719726
0.0645522
0.0183511
0.0283333
0.0770946
0.0793705
0.103328
0.0717
0.060024
0.0596773
0.0584773
0.0351808
0.0520942
0.0622296
0.0207912
0.0180515
0.0451596
0.0136167
0.105808
0.101889
0.0990311
0.0242063
0.0879755
0.0838195
0.0906208
0.0997189
0.0942362
0.0922329
0.0993883
0.1051
0.0233784
0.0285644
0.0261385
0.00264463
0.00771055
0.0594594
0.0625656
0.00980901
0.0147833
0.0148236
0.0125595
0.0772975
0.0891313
0.0275747
0.0152469
0.0515161
0.0481761
0.0570881
0.105781
0.00344536
0.00845118
0.0454835
0.0335621
0.0259414
0.101595
0.0933165
0.105389
0.0553398
0.0593812
0.0692797
0.105524
0.00273223
0.0106436
0.00671895
0.083374
0.0696649
0.0753997
0.0363288
0.0373504
0.0401824
0.0466268
0.0143531
0.00786509
0.0119999
0.0720657
0.0766756
0.0567814
0.0835929
0.112796
0.109319
0.107673
0.0370529
0.0281739
0.0243962
0.0268168
0.030093
0.0341393
0.1048
0.111267
0.108542
0.106608
0.0244502
0.0279563
0.0306227
0.0682794
0.0699499
0.110831
0.107044
0.103703
0.00749806
0.011159
0.0227955
0.0182472
0.00355456
0.0492989
0.0623219
0.0664186
0.0463906
0.0071686
0.0178883
0.0173138
0.0453924
0.0421996
0.105557
0.0135242
0.027931
0.0225917
0.023065
0.0179103
0.0290901
0.0332142
0.036969
0.0865101
0.104783
0.0964472
0.00104222
0.00321386
0.0661157
0.0573557
0.0661258
0.111257
0.0375615
0.0496099
0.0950467
0.0989185
0.107007
0.039151
0.0241434
0.0232957
0.024824
0.0120498
0.0178632
0.103671
0.0425156
0.0394805
0.103934
0.0540781
0.0563121
0.0608504
0.0401071
0.0321386
0.028611
0.0137449
0.0842128
0.0811796
0.0831987
0.0344506
0.0396083
0.0265034
0.0773062
0.00271113
0.00384326
0.00388382
0.0796125
0.07019
0.0385192
0.0307782
0.0238923
0.0661474
0.0716518
0.00241062
0.00217309
0.00396224
0.0557278
0.0475238
0.0622143
0.0538181
0.00113146
0.00350281
0.0124399
0.0105182
0.00575229
0.0234366
0.101525
0.103161
0.104538
0.10382
0.102299
0.100089
0.0915469
0.0848392
0.0189309
0.0223691
0.00486669
0.00374167
0.0138269
0.118965
0.117498
0.0318563
0.0392748
0.0353867
0.0949783
0.0120014
0.0640817
0.0609346
0.12143
0.123659
0.0212479
0.0726952
0.0824637
0.0602927
0.0235913
0.0167027
0.0748405
0.0825168
0.0741002
0.0107743
0.0153602
0.0184879
0.0914263
0.0828146
0.0495972
0.0472342
0.0977267
0.101822
0.0380374
0.0363322
0.0266329
0.0351986
0.0481627
0.0397308
0.0525021
0.117228
0.114891
0.0967718
0.0923253
0.0167365
0.0233337
0.0161869
0.010553
0.0310546
0.0286563
0.0584275
0.0561909
0.0551213
0.0329216
0.039616
0.0365821
0.0735557
0.0818208
0.0833699
0.0765087
0.0736727
0.0891468
0.0917176
0.085131
0.0996983
0.103641
0.0423427
0.0447305
0.0512887
0.121857
0.117845
0.119567
0.0210887
0.0100033
0.017002
0.0121966
0.00802956
0.069285
0.0675008
0.111927
0.113136
0.109979
0.0130718
0.0667635
0.0690353
0.00526492
0.0192735
0.0206804
0.0149587
0.0809342
0.0330994
0.0326405
0.109033
0.105913
0.102929
0.104686
0.102708
0.106589
0.083018
0.0260332
0.0129982
0.012726
0.0151834
0.0984729
0.102513
0.00879487
0.0119012
0.0619953
0.0625553
0.0560624
0.0565559
0.0419193
0.00590545
0.00575367
0.00629146
0.00378123
0.00715174
0.0125654
0.00999431
0.0676675
0.00205745
0.0671579
0.0773721
0.0324969
0.0575774
0.000382144
0.000407509
0.000393028
0.008889
0.000225192
0.00037789
0.00780332
0.00698836
0.00680613
0.00839815
0.000215788
0.000408099
0.0450492
0.0619405
0.0704033
0.000208951
0.0467105
0.00035411
0.000402469
0.00389304
0.0948319
0.0968344
0.000256973
0.000410548
0.00518755
0.00659391
0.000255226
0.0133863
0.0110194
0.0135585
0.0101008
0.000393433
0.000844925
0.00177649
0.00215232
0.00706658
0.00811347
0.0233259
0.020197
0.000339385
0.000342392
0.0319494
0.0343285
0.0348857
0.0307294
0.106828
0.104987
0.10728
0.10351
0.0172858
0.0410443
0.0440482
0.090541
0.0831092
0.0872743
0.00302478
0.000270824
0.00021103
0.000921192
0.0515399
0.0492917
0.0501659
0.0518587
0.0377341
0.0424914
0.0301327
0.0274578
0.00183429
0.00189689
0.061375
0.0558654
0.0557076
0.0594665
0.0267481
0.0236705
0.0240257
0.0260816
0.047424
0.0484123
0.0485209
0.0466727
0.0494027
0.0478715
0.0475165
0.0498142
0.00874854
0.00552747
0.00765655
0.00582499
0.0897241
0.0457139
0.00262584
0.018069
0.0322807
0.00819007
0.0317253
0.0130257
0.0633441
0.00581282
0.0188116
0.00236517
0.0344823
0.0634881
0.0584754
0.0194806
0.0211291
0.0441691
0.00520786
0.020661
0.0127451
0.00194899
0.0550582
0.009004
0.00275751
0.00440731
0.00301261
0.0792509
0.0269166
0.0343382
0.0322141
0.0100491
0.013063
0.00618532
0.00486053
0.0133267
0.062577
0.00226759
0.0487621
0.0429695
0.0100382
0.087732
0.0853198
0.057763
0.0449165
0.0128882
0.00345585
0.0203045
0.0489726
0.0162992
0.0094675
0.056813
0.050287
0.0472335
0.073026
0.0690765
0.0607099
0.0391916
0.0343338
0.0170133
0.0193927
0.00402839
0.0784777
0.0103318
0.0257829
0.0214593
0.0245926
0.0615279
0.0131759
0.00349418
0.0323289
0.0314579
0.037276
0.00884428
0.0210492
0.00146757
0.00675691
0.042003
0.0438798
0.0051797
0.0205133
0.00114219
0.00235903
0.043198
0.0117408
0.0139561
0.00608439
0.027874
0.0266763
0.00765095
0.00486514
0.000273452
0.00883853
0.0109638
0.000341765
0.0885268
0.00455056
0.00295403
0.0314836
0.0764551
0.0604757
0.0662142
0.0593894
0.00371946
0.0286154
0.000213217
0.0381569
0.0792206
0.0340663
0.0220725
0.0201064
0.0871436
0.0303001
0.0148097
0.0133026
0.00949837
0.0432618
0.00106826
0.000400624
0.0485293
0.0419444
0.00705159
0.0714795
0.000306713
0.000988713
0.0480143
0.033595
0.0342163
0.0301563
0.000373018
0.00128741
0.0128981
0.00203384
0.00213267
0.00205813
0.00221574
0.0342383
0.0356309
0.032508
0.0350809
0.0748734
0.0687989
0.000333786
0.000794526
0.00100614
0.0147364
0.00788666
0.0098553
0.061881
0.00658057
0.00837213
0.0347563
0.0373063
0.0415332
0.0197676
0.0251012
0.018823
0.0310567
0.0263541
0.00583192
0.0121892
0.000691172
0.00178678
0.039754
0.0434354
0.0350358
0.0530102
0.014901
0.000479603
0.000807167
0.0348995
0.0271313
0.0745481
0.00697909
0.00909795
0.00291393
0.0538814
0.0226167
0.0241152
0.0416341
0.0409579
0.0347326
0.0202146
0.00248563
0.0035717
0.000360927
0.00566592
0.035911
0.0319173
0.00865668
0.0176126
0.0241452
0.0204116
0.0407587
0.0199245
0.0129799
0.0117996
0.0368286
0.0143299
0.0408057
0.035018
0.024559
0.00061854
0.000369219
0.00077497
0.0538382
0.0513161
0.0405698
0.0295933
0.0043043
0.000859817
0.00265745
0.058637
0.0520714
0.0125711
0.000700229
0.00186674
0.00469563
0.00109891
0.00510354
0.0226887
0.0837113
0.0815373
0.0300816
0.0614543
0.0578153
0.0113534
0.00750114
0.071088
0.0751203
0.0318002
0.00587308
0.00797962
0.0592615
0.000753145
0.000560099
0.00354821
0.00270099
0.00736871
0.00370667
0.000506176
0.000928318
0.00189922
0.00134816
0.00318796
0.0167648
0.00939795
0.00625687
0.000542118
0.064249
0.00668621
0.00884195
0.000512598
0.026386
0.02447
0.0247741
0.0208533
0.028533
0.0192869
0.0229354
0.0232655
0.00111127
0.000858737
0.0021674
0.0465534
0.0552902
0.0524102
0.00978494
0.00669931
0.000491038
0.000818267
0.00312691
0.0664804
0.000757801
0.0019407
0.000856403
0.023254
0.001034
0.00127423
0.00283671
0.011068
0.0926975
0.0894479
0.0146566
0.0120675
0.0930417
0.0841233
0.0801176
0.0115389
0.00435927
0.00341577
0.0323026
0.0372486
0.0329876
0.00848745
0.0869571
0.0311744
0.0289359
0.0267054
0.0754324
0.0299303
0.00851094
0.00975345
0.00544089
0.0209041
0.0175295
0.0158838
0.000559588
0.0198347
0.0104448
0.053546
0.0491909
0.0267924
0.0349501
0.00350093
0.00163159
0.00238955
0.0105159
0.0184575
0.0143942
0.0220336
0.0180395
0.0144371
0.0221531
0.00914776
0.0202066
0.0151069
0.0170787
0.0187201
0.0290939
0.0687336
0.0626158
0.0781606
0.023206
0.018431
0.0143959
0.0860094
0.000748525
0.0237755
0.054912
0.0535168
0.0130035
0.0275686
0.00742059
0.0138859
0.00978311
0.0049499
0.00388896
0.00283509
0.0906041
0.0880398
0.0865366
0.0213442
0.0151341
0.0182455
0.00624118
0.0732425
0.0392566
0.0100673
0.00567046
0.00778917
0.00214784
0.0117506
0.002468
0.0578783
0.0516184
0.00129345
0.00299694
0.0182292
0.0261789
0.0208453
0.00134928
0.00331833
0.0611
0.0575951
0.0918151
0.00092773
0.00353574
0.00296729
0.0585971
0.04912
0.0405156
0.0401843
0.00877427
0.0122973
0.0040464
0.0303918
0.0421274
0.0593561
0.0641193
0.039976
0.0438861
0.0392081
0.0372092
0.0225086
0.0013399
0.00362206
0.0334442
0.0360902
0.0316585
0.0336719
0.0919106
0.00913847
0.00710032
0.00724037
0.0975177
0.0926686
0.0422725
0.00122708
0.00274661
0.0296095
0.0828227
0.0858653
0.0841579
0.0146102
0.0428256
0.033119
0.0960078
0.0111981
0.0133243
0.1011
0.0993352
0.0010555
0.0979226
0.0304571
0.0303503
0.0260955
0.0569633
0.0816215
0.0820128
0.0854557
0.080917
0.0319357
0.0167561
0.0172048
0.0108613
0.010106
0.00816931
0.0400119
0.0311804
0.0628193
0.0396223
0.0124466
0.00955506
0.0278886
0.0243352
0.00476978
0.00743296
0.00504699
0.0113933
0.0263233
0.0341808
0.0303155
0.0910112
0.0930521
0.0954718
0.0760108
0.0793878
0.00445212
0.0101239
0.00244191
0.00112009
0.00732091
0.0153638
0.0185126
0.00556968
0.0587984
0.055136
0.0632049
0.0753488
0.00137773
0.0461724
0.0520757
0.0478021
0.0331753
0.0292099
0.00662986
0.00191036
0.00299878
0.00474001
0.00430435
0.0396693
0.0350288
0.0215571
0.0951554
0.0141759
0.0175172
0.0173542
0.0167039
0.0214974
0.00230179
0.00672521
0.00142901
0.00411468
0.00320402
0.00708439
0.064098
0.0685933
0.0624579
0.0325681
0.00614859
0.00621939
0.0581541
0.0490227
0.0528616
0.0219739
0.0205786
0.0143972
0.0955784
0.0462139
0.00560583
0.0101867
0.0790237
0.0236417
0.0227217
0.0177967
0.0589172
0.00550948
0.0069257
0.0014914
0.00385745
0.0691768
0.0825128
0.0736498
0.0417933
0.0469788
0.0990921
0.0952753
0.0974894
0.0215562
0.00598287
0.0771906
0.077512
0.0367629
0.0426803
0.0396261
0.0486927
0.0433874
0.0489018
0.0084237
0.00780086
0.00190117
0.00539209
0.0129745
0.0300794
0.0245328
0.052184
0.0371704
0.0730034
0.0748731
0.0405043
0.0412471
0.0209142
0.0223558
0.0185389
0.0087676
0.00643054
0.0450322
0.040395
0.0103406
0.0105618
0.00731523
0.0119408
0.00884337
0.00828598
0.0748335
0.0767248
0.0691787
0.00244116
0.00705642
0.0398097
0.0746616
0.0769741
0.0750035
0.00195308
0.00564389
0.0205863
0.108396
0.106596
0.107866
0.0782204
0.0729827
0.0245672
0.0274352
0.0939826
0.0917004
0.0126472
0.0244031
0.0270257
0.094458
0.00304503
0.000913907
0.00213217
0.0068483
0.0229354
0.0255413
0.0182514
0.113134
0.115917
0.073974
0.0667055
0.0199995
0.0258538
0.0833856
0.0810871
0.0772202
0.0233616
0.0197133
0.0230617
0.0492136
0.0426436
0.045343
0.0513862
0.0485411
0.0425569
0.0262663
0.0175226
0.0158399
0.0209274
0.0578665
0.0448373
0.0459042
0.05245
0.0149888
0.0110196
0.00580025
0.0126454
0.0138109
0.00997782
0.0124017
0.0702821
0.0679166
0.00232069
0.00669714
0.072339
0.0775753
0.00437302
0.00378726
0.0175944
0.018026
0.0540064
0.0501143
0.0533244
0.0461043
0.0613833
0.0592797
0.112534
0.111442
0.11098
0.0170976
0.0134308
0.08703
0.0861754
0.0826853
0.077803
0.00882301
0.00817222
0.00879022
0.0834908
0.0813503
0.0750306
0.011573
0.0130636
0.00869567
0.0576105
0.0544704
0.00120408
0.0670157
0.073387
0.0694128
0.0770389
0.0762083
0.0817818
0.0901015
0.0555968
0.00660124
0.0049516
0.0108104
0.0037201
0.00323333
0.00258711
0.0305062
0.0243355
0.0225604
0.0171977
0.00577074
0.0520714
0.0441036
0.104202
0.101438
0.100784
0.102728
0.0287036
0.0344363
0.0325305
0.00779289
0.0177271
0.0146245
0.0522251
0.0558492
0.00284677
0.0898074
0.0885417
0.0153707
0.0150123
0.0553645
0.0510026
0.0290458
0.0267036
0.0243753
0.00150152
0.00368519
0.0969089
0.0902528
0.0147335
0.0138846
0.00936422
0.0125721
0.0118399
0.00853764
0.011251
0.00290212
0.00411265
0.0035296
0.00910036
0.00496151
0.00422116
0.00827824
0.00557171
0.0348764
0.0128006
0.0152547
0.000900543
0.00168128
0.0065078
0.055451
0.051297
0.059586
0.00472531
0.00399842
0.00744411
0.097121
0.0949575
0.0977634
0.0301393
0.0752508
0.0179639
0.0135836
0.0173207
0.0214721
0.0271465
0.0272608
0.065614
0.0643636
0.111833
0.111402
0.111496
0.0572797
0.0675458
0.0395005
0.0360881
0.00241921
0.0379658
0.0423943
0.0628877
0.0632546
0.0652509
0.0393106
0.03296
0.0350161
0.00433328
0.0101493
0.014768
0.0208313
0.0145627
0.0232627
0.0327776
0.0693075
0.0601666
0.0556141
0.0650569
0.069105
0.051705
0.0470113
0.0444363
0.00101724
0.00286478
0.0013229
0.045632
0.0444945
0.0417056
0.0255427
0.0172833
0.0177442
0.0210604
0.108101
0.107379
0.100508
0.0149526
0.0320065
0.0308389
0.0261376
0.010727
0.0173271
0.0117146
0.0140699
0.00334415
0.00155828
0.00428827
0.00960491
0.00878485
0.0960824
0.0884095
0.000576267
0.00299073
0.0076476
0.0827465
0.0833091
0.0869915
0.016826
0.0139511
0.0547347
0.0644787
0.113111
0.107173
0.112457
0.00152147
0.0374544
0.0292923
0.0256381
0.0170708
0.0190519
0.0232649
0.0744973
0.0191609
0.0239641
0.00262309
0.00381088
0.0335129
0.0334179
0.0359679
0.0176659
0.124512
0.12261
0.124915
0.00496358
0.00463652
0.0670391
0.0491897
0.0134218
0.00672308
0.00463898
0.0112795
0.0184423
0.0206734
0.00235288
0.0281561
0.000567987
0.00446132
0.0314352
0.026971
0.0156943
0.0231496
0.025444
0.0184196
0.0220808
0.0261257
0.0784895
0.084214
0.050174
0.0229714
0.0147354
0.0200785
0.00838351
0.00712397
0.00524965
0.00766106
0.0423025
0.0449143
0.0476736
0.0105806
0.00632946
0.00375696
0.0482654
0.0547472
0.0507331
0.0175242
0.0126024
0.00871759
0.0116552
0.0138211
0.0708036
0.00751396
0.065223
0.0677784
0.0179592
0.0139145
0.0092883
0.00852946
0.0449935
0.114717
0.112335
0.0219306
0.0204906
0.0432746
0.0360358
0.0407265
0.0286476
0.0327152
0.0212569
0.00746082
0.00809983
0.00265568
0.0043405
0.0166307
0.0074992
0.0123171
0.110453
0.1105
0.107598
0.0197922
0.0264585
0.0331435
0.0448927
0.0383836
0.0821821
0.0923406
0.078464
0.0928319
0.0955304
0.0934481
0.0134005
0.011422
0.0191084
0.0042404
0.00459186
0.114833
0.112064
0.106141
0.0089512
0.0110202
0.00543296
0.00341823
0.0144149
0.00570859
0.00983738
0.00551753
0.00694469
0.0218675
0.0220381
0.0168807
0.0195404
0.0592318
0.0517588
0.0195147
0.0165244
0.0101986
0.028614
0.023948
0.0348362
0.0114276
0.0177262
0.00169848
0.0028622
0.00632561
0.0370046
0.028771
0.0284551
0.0323437
0.0315038
0.0373267
0.0379885
0.0344484
0.0119
0.00910714
0.00901217
0.0462716
0.00943682
0.00575023
0.00245469
0.00221351
0.024374
0.0254316
0.00101043
0.00153419
0.125853
0.123358
0.00243704
0.0022018
0.0802156
0.0846271
0.0269131
0.0229063
0.0210742
0.0820518
0.086186
0.0883392
0.0593151
0.0517375
0.100209
0.098834
0.0895172
0.0887869
0.00191626
0.00203588
0.0253572
0.0227403
0.0277586
0.0244962
0.0213106
0.0174099
0.0184623
0.052013
0.0528254
0.0506487
0.0805537
0.0791399
0.0511606
0.0471943
0.0504698
0.0686032
0.0504437
0.0473303
0.0694777
0.0653025
0.0210069
0.0242645
0.0575865
0.0592076
0.076451
0.0729753
0.0712862
0.0697897
0.0606041
0.0577333
0.0620492
0.0580832
0.0899124
0.0625621
0.0668078
0.0763014
0.0774343
0.0847947
0.0833428
0.0213009
0.0156598
0.0133274
0.0113413
0.0205143
0.0188911
0.0186777
0.0163872
0.0109669
0.00908012
0.0143382
0.0120817
0.00962469
0.0162107
0.0152867
0.0162394
0.0138132
0.012405
0.00997909
0.00518098
0.00919964
0.00764194
0.0144237
0.0118248
0.00988638
0.00900241
0.00708997
0.000565509
0.000915465
0.00601605
0.00465022
0.00465694
0.00362145
0.00624203
0.0101577
0.00763871
0.0202414
0.0165141
0.0524456
0.0565325
0.0531525
0.0485485
0.0565987
0.053425
0.0483951
0.0272745
0.0238956
0.0135615
0.00932662
0.0115445
0.048633
0.0449882
0.0185664
0.0163273
0.0110449
0.0129558
0.0193272
0.0177676
0.070668
0.0747838
0.0282928
0.0310993
0.00765326
0.00946233
0.0139562
0.0166352
0.0396983
0.0267196
0.0309185
0.0336469
0.0312381
0.0631656
0.0658632
0.0549673
0.052708
0.0113137
0.0637608
0.0671713
0.100509
0.100884
0.0771177
0.0791094
0.0592169
0.062907
0.00641809
0.0568331
0.0604336
0.0687715
0.0722017
0.0807704
0.0845383
0.0461614
0.0578179
0.0534596
0.0291518
0.0257996
0.0706448
0.0651527
0.028684
0.0259378
0.0684286
0.0716392
0.0568427
0.0486985
0.0975957
0.0945035
0.0187102
0.0506903
0.0755995
0.0733477
0.0190288
0.015237
0.0299617
0.0273969
0.0442012
0.0461718
0.0502655
0.0129059
0.0900851
0.0913761
0.0616601
0.0579754
0.0722263
0.0417744
0.039427
0.0341197
0.0308369
0.0184603
0.0160077
0.0717812
0.0666884
0.0343262
0.0126324
0.0131643
0.0651332
0.0619036
0.0216429
0.021363
0.00663247
0.00676816
0.00839348
0.00994464
0.00908956
0.00726217
0.0109414
0.00886373
0.013375
0.0112607
0.0122168
0.00993827
0.00691145
0.00531602
0.00842941
0.00537027
0.00428237
0.00914493
0.0158664
0.0117101
0.00699811
0.00920457
0.00723669
0.00790503
0.00609592
0.0194343
0.0360358
0.0311335
0.00609378
0.00466401
0.00586813
0.00453366
0.00371042
0.00441212
0.00742505
0.00576512
0.00507012
0.0040717
0.00656384
0.00512868
0.00590185
0.00522157
0.00669931
0.00552666
0.0648257
0.00441381
0.00308239
0.0270623
0.0240809
0.0116379
0.00168249
0.000776251
0.00139392
0.00308811
0.00229833
0.00321712
0.0164053
0.00118246
0.00247746
0.0326551
0.0376211
0.000831005
0.00181428
0.0958814
0.0987607
0.0172162
0.0110765
0.013404
0.0250971
0.0341685
0.0435694
0.0385963
0.0445382
0.0403156
0.00221029
0.00116773
0.00212127
0.00187777
0.0105833
0.0129493
0.0179473
0.0160347
0.0126975
0.0161484
0.0188497
0.0258697
0.0230809
0.0155491
0.0175917
0.0226662
0.0149836
0.0173282
0.0367138
0.0329821
0.0209059
0.0247041
0.0364952
0.00184318
0.00232372
0.000843564
0.0366777
0.0388555
0.0017862
0.00882955
0.0106884
0.0192692
0.0169635
0.0180894
0.0152398
0.0265742
0.0292363
0.0523138
0.0152877
0.0132557
0.00419059
0.00524144
0.0301855
0.0325628
0.0091842
0.0104152
0.0279912
0.0235065
0.0488681
0.0299399
0.0334017
0.0167424
0.00389365
0.00282399
0.0791302
0.0166594
0.0373707
0.0355848
0.0470026
0.0501027
0.0116959
0.0094805
0.0651508
0.0614177
0.0369394
0.0333425
0.00370808
0.00461918
0.0407846
0.0557107
0.0517232
0.0282085
0.00391921
0.0346222
0.0251556
0.0216388
0.0186235
0.00125937
0.00571243
0.0042871
0.00324464
0.00236712
0.00756287
0.0412945
0.0422734
0.0470689
0.0471397
0.0416762
0.00920589
0.00741097
0.0146887
0.0170789
0.0867052
0.0900705
0.0842495
0.0817154
0.0250195
0.0222001
0.00858751
0.00972444
0.00584497
0.00443113
0.0718756
0.0690505
0.0618259
0.0655732
0.0782517
0.0767165
0.0416986
0.0381331
0.0443457
0.048366
0.0305132
0.0277839
0.0577308
0.0551137
0.0166063
0.0152854
0.0528421
0.0483567
0.013362
0.0153578
0.00671357
0.038123
0.0430209
0.0116791
0.00900758
0.0477523
0.00726062
0.00583815
0.0259712
0.0210004
0.0307855
0.0398281
0.0063959
0.00500903
0.00934163
0.007411
0.00906992
0.00802362
0.0117763
0.091281
0.09361
0.0636228
0.0600286
0.0116158
0.0101229
0.0176138
0.0447536
0.0406715
0.0078596
0.00546076
0.00419094
0.00990923
0.10458
0.105149
0.0676815
0.0647037
0.0601021
0.055761
0.040536
0.0379717
0.0135083
0.0121029
0.0777917
0.0785347
0.0300913
0.0258564
0.0321805
0.036937
0.0841974
0.0865414
0.0418943
0.0462634
0.00750203
0.00575291
0.0342167
0.0323388
0.0320487
0.0368927
0.0254541
0.0376004
0.0534916
0.0575366
0.0315355
0.0266854
0.00369268
0.00503016
0.00540198
0.0047549
0.0108625
0.0123229
0.0426707
0.0470812
0.0512006
0.0238002
0.0440043
0.0289627
0.0258072
0.012413
0.0196853
0.0420794
0.0148754
0.0121782
0.0239402
0.0091419
0.0180286
0.0142439
0.0356923
0.0535557
0.0478513
0.042393
0.0375102
0.012215
0.00732441
0.021844
0.0202775
0.00503144
0.00670511
0.00563061
0.00583583
0.0101911
0.00829153
0.010662
0.00638671
0.0254145
0.0393491
0.0338398
0.00730887
0.0219663
0.00302314
0.00703965
0.00591451
0.00914366
0.0195225
0.0453094
0.037927
0.0245811
0.0355362
0.031716
0.00489829
0.0032759
0.00261114
0.00507771
0.00415768
0.00209007
0.00636204
0.00458886
0.0148724
0.0122266
0.0221073
0.0318389
0.0276512
0.00451242
0.00270689
0.00566558
0.00473025
0.008683
0.00661115
0.00453613
0.00872528
0.00709634
0.0353288
0.0315484
0.0286652
0.00193262
0.00423304
0.00328591
0.00112555
0.00397479
0.00668724
0.00181845
0.00164848
0.00517777
0.00197169
0.00757556
0.0023797
0.00198107
0.00517102
0.00388319
0.00235354
0.00614441
0.00153691
0.00304038
0.001206
0.00421671
0.00301232
0.00453721
0.00603973
0.00548486
0.00159175
0.00523432
0.0209547
0.0321788
0.0280762
0.00368363
0.00169667
0.0040098
0.00299345
0.00406975
0.00345502
0.000592025
0.00107755
0.00471663
0.00146789
0.00232744
0.0167818
0.0246173
0.0208656
0.00258628
0.00559719
0.0171556
0.00196475
0.00136377
0.00261771
0.00199709
0.000841644
0.00169128
0.00358584
0.000831185
0.00171648
0.00381165
0.00697524
0.00590137
0.000901479
0.00239737
0.00122624
0.00280428
0.00199589
0.0008364
0.0015689
0.0050429
0.00262603
0.0073785
0.0140383
0.00230941
0.00104326
0.00275061
0.00644837
0.00155784
0.00134425
0.00236801
0.00122825
0.00331799
0.000716389
0.00135229
0.000359183
0.000843013
0.00473076
0.00330462
0.000803047
0.00131564
0.0016401
0.00331988
0.00256041
0.000625065
0.00110198
0.00354616
0.00250959
0.000977115
0.00370869
0.00317955
0.000675524
0.0015015
0.00469874
0.0035186
0.0293604
0.022041
0.00293692
0.000845005
0.00165526
0.00158195
0.0032251
0.00247497
0.00140883
0.00250453
0.00208252
0.00473098
0.00243942
0.00441461
0.00342902
0.0146933
0.00348148
0.000748648
0.00253069
0.00183368
0.000934471
0.00294167
0.0021781
0.000607565
0.00118105
0.000751898
0.00139927
0.00266919
0.011944
0.0887124
0.0843599
0.00298473
0.00192577
0.00271399
0.00367259
0.00285029
0.000460949
0.00113832
0.00493611
0.00355855
0.000246164
0.000545829
0.00212184
0.0017544
0.00083618
0.00144994
0.00183156
0.00124598
0.000945206
0.00173586
0.000873531
0.00175038
0.00118757
0.00237691
0.00444142
0.00394785
0.00242127
0.000484996
0.000928833
0.0037779
0.00721634
0.0139866
0.0265968
0.0228241
0.00248505
0.00168414
0.0138141
0.00923363
0.00169481
0.0025159
0.00565956
0.00420899
0.000943608
0.00314329
0.00252
0.00309373
0.00225347
0.00420421
0.00322571
0.0189054
0.00444467
0.00569557
0.000549146
0.0024348
0.0121587
0.00727865
0.0151333
0.0159925
0.0109772
0.0101535
0.000313511
0.000583423
0.00182121
0.0012269
0.00155942
0.00289566
0.00229955
0.00101718
0.00163087
0.00086043
0.00140545
0.0124916
0.0105578
0.00774876
0.0123576
0.0105124
0.00112647
0.0023757
0.000976441
0.00208464
0.024968
0.0279451
0.00215585
0.00305483
0.00394849
0.0308528
0.0285291
0.000997788
0.00196153
0.0112301
0.0105147
0.00892761
0.00516856
0.00732302
0.0084583
0.00600765
0.00514401
0.00409548
0.00234118
0.00166143
0.0213371
0.0161435
0.000593782
0.00185771
0.00680187
0.00513347
0.00844149
0.0161606
0.0207818
0.0392006
0.0430649
0.011575
0.00976708
0.0300065
0.0334602
0.000312502
0.000645782
0.00178889
0.00117194
0.000947944
0.0118398
0.0397767
0.0422985
0.00631083
0.00770753
0.00351734
0.00264985
0.0137553
0.0148255
0.0518046
0.0487154
0.0414572
0.0376461
0.00233773
0.0206977
0.0176103
0.00768054
0.0100981
0.0184587
0.0185215
0.0215883
0.033875
0.0350304
0.00238089
0.00199051
0.00274337
0.00228026
0.0109207
0.0130062
0.00434836
0.00324283
0.076382
0.0782945
0.0270958
0.0107397
0.0124598
0.0194321
0.0216545
0.00745802
0.00558014
0.0327067
0.0371189
0.00778564
0.00605726
0.0224221
0.0261787
0.0485215
0.0451558
0.0191903
0.0230086
0.0156462
0.0140579
0.00756674
0.00897287
0.0244575
0.0233277
0.0269634
0.0388257
0.0344278
0.0257141
0.02731
0.0225164
0.00199283
0.00749341
0.00613614
0.0512269
0.0543816
0.036159
0.0331832
0.00746542
0.00216671
0.078049
0.00608881
0.0727763
0.0751007
0.0753285
0.0775096
0.0852452
0.0828813
0.0149574
0.0128472
0.015893
0.0146088
0.0546141
0.0579854
0.0562599
0.052951
0.0470343
0.011161
0.0107647
0.0723274
0.0699181
0.0306613
0.0247847
0.00593797
0.00481831
0.00735249
0.0127295
0.0146037
0.0285608
0.025593
0.0683869
0.0633628
0.0197672
0.0302632
0.0927114
0.0907225
0.0111187
0.00924205
0.022884
0.0190093
0.0162076
0.0138792
0.00952416
0.0117526
0.00724136
0.00575059
0.0145825
0.0119444
0.0839029
0.0793854
0.00415026
0.00284848
0.00205939
0.00139461
0.0372847
0.0202256
0.0249223
0.0695027
0.0717382
0.0181313
0.0152909
0.0569798
0.00695535
0.00507731
0.00870657
0.0346907
0.00349175
0.0287042
0.0239791
0.00615279
0.00802553
0.0639277
0.066313
0.0394164
0.0364644
0.0280645
0.0253814
0.0170637
0.0141123
0.0240938
0.00475875
0.00453435
0.00616209
0.0108239
0.00874074
0.0528501
0.0477502
0.0418776
0.0385437
0.00549445
0.00419532
0.00354613
0.00634653
0.00479786
0.00219169
0.00165954
0.0307475
0.0269868
0.00816459
0.00635905
0.0185966
0.0899341
0.0920554
0.004345
0.00367344
0.0152256
0.0113841
0.00388485
0.0030405
0.0241943
0.0224668
0.0136657
0.00994877
0.00795202
0.0869774
0.0878467
0.00728935
0.00618936
0.0299663
0.0180124
0.0193256
0.0155001
0.0178774
0.0311334
0.0271339
0.00854278
0.00735697
0.00356869
0.00290553
0.00493379
0.00369184
0.0165122
0.0190968
0.00317404
0.013517
0.04745
0.050983
0.00517186
0.00464288
0.00880247
0.0166888
0.0180187
0.00279853
0.00215965
0.0288184
0.0316981
0.02335
0.0213405
0.0324443
0.0347406
0.00511305
0.00902899
0.0106909
0.0226887
0.0194492
0.0415403
0.0477987
0.0638671
0.0572405
0.022183
0.020928
0.00423321
0.00594257
0.00780049
0.0110515
0.0084771
0.0328866
0.0286653
0.0148432
0.0121546
0.00723594
0.00652172
0.00769217
0.00791604
0.0514996
0.0553203
0.00844433
0.0105951
0.00369899
0.0239905
0.00308817
0.00234181
0.0167689
0.0189321
0.0215387
0.0252125
0.0223475
0.00810287
0.00938848
0.0118069
0.0105467
0.0335358
0.0304391
0.00614289
0.00753849
0.0122472
0.00951959
0.0100566
0.0157452
0.0131688
0.00781915
0.00552599
0.0153337
0.0127843
0.00763195
0.00561721
0.049411
0.0530967
0.0100766
0.00797511
0.00527642
0.00661792
0.00097427
0.00175468
0.00390347
0.00685642
0.00402034
0.0121057
0.0103807
0.00547567
0.00425902
0.00572525
0.00419731
0.0327195
0.0297248
0.0222954
0.0187056
0.0162082
0.0104542
0.0188129
0.0210088
0.0045626
0.00343923
0.0500128
0.0834708
0.0857488
0.059108
0.0625984
0.0394005
0.0362705
0.0241166
0.0210472
0.0333887
0.0282508
0.0219684
0.0189397
0.0183127
0.0168442
0.0201957
0.0174895
0.0120095
0.0105685
0.01299
0.0109976
0.0249209
0.0217506
0.0116998
0.0375881
0.0289763
0.0261285
0.044326
0.0151255
0.0124564
0.0521293
0.049411
0.010886
0.00933691
0.0265645
0.0105979
0.00918271
0.010749
0.00939941
0.00941386
0.00795344
0.006533
0.00552903
0.00773564
0.00690116
0.0111884
0.00911536
0.00687469
0.00577436
0.0052179
0.00418143
0.00357873
0.002915
0.00444419
0.00359298
0.00510753
0.00439695
0.00238665
0.00202047
0.00210854
0.0256308
0.0275314
0.000580174
0.00125061
0.00305387
0.0374494
0.0262557
0.000997701
0.00182336
0.000814191
0.00159163
0.00062992
0.00131905
0.0262516
0.0233275
0.0110203
0.0132701
0.00926712
0.0125632
0.0819123
0.0795853
0.0117435
0.0104538
0.0541861
0.0566345
0.0246875
0.0202903
0.00523149
0.00592377
0.0414656
0.0330367
0.0357594
0.0330192
0.00295946
0.00325646
0.0304307
0.0330004
0.00263939
0.00182111
0.00504831
0.00400798
0.00299472
0.0429694
0.0461021
0.00875959
0.00738508
0.0138592
0.0123254
0.0161494
0.0146705
0.034173
0.031395
0.017353
0.0153811
0.0492093
0.0189004
0.0174606
0.00596441
0.00513928
0.00840312
0.00764673
0.0128385
0.0108295
0.0806234
0.0821488
0.00636106
0.00538077
0.00779152
0.0066387
0.0254082
0.0569643
0.0516821
0.00852516
0.0107717
0.00881475
0.00858964
0.00646268
0.0125307
0.0100905
0.0180192
0.00675523
0.0055321
0.00812809
0.00645084
0.00614385
0.00627646
0.00512606
0.000496019
0.000983714
0.00319259
0.00225229
0.00558982
0.00391258
0.00297791
0.00239608
0.00519855
0.00365029
0.000789702
0.00142583
0.000520773
0.00113599
0.00446621
0.00295321
0.000842576
0.000772119
0.00156165
0.00249274
0.00202095
0.000389098
0.00114861
0.0173379
0.0179846
0.000220928
0.000743581
0.00641348
0.00745074
0.00653915
0.00790604
0.00338985
0.00236568
0.00522678
0.00446972
0.0221607
0.0241412
0.0064256
0.00690781
0.00455941
0.00390202
0.00404262
0.00360281
0.0024301
0.00310843
0.00356477
0.00297697
0.0128204
0.0147784
0.0454323
0.0486914
0.0182504
0.0213627
0.0404329
0.0447422
0.0430021
0.0454611
0.00545053
0.0044291
0.00532538
0.00698447
0.00239469
0.00147792
0.0150984
0.0120429
0.0485384
0.0509185
0.0227969
0.0247281
0.0236047
0.0206522
0.00106781
0.00245218
0.00916277
0.0107468
0.00395258
0.00306673
0.0152324
0.0142474
0.00831414
0.00733567
0.00524574
0.00382608
0.0029896
0.00532144
0.0036419
0.0341761
0.0370245
0.0056001
0.0152997
0.013294
0.00781021
0.0094106
0.00348728
0.00274761
0.00362632
0.0026972
0.00398892
0.00309515
0.024105
0.0205127
0.01301
0.015281
0.00605742
0.00370646
0.00254751
0.00473271
0.00391197
0.00206876
0.00111335
0.00329425
0.00280149
0.0520497
0.0558814
0.00924199
0.00768921
0.0147041
0.0127836
0.0127049
0.0143852
0.0172957
0.0145174
0.00398153
0.00322083
0.00373436
0.00511749
0.0260097
0.0288825
0.00926699
0.0100809
0.0168109
0.0195764
0.0276894
0.00472563
0.00404697
0.0153481
0.0177475
0.0249883
0.0228379
0.0209712
0.0603984
0.0262119
0.0288623
0.0390382
0.0348914
0.0264841
0.0287825
0.0169328
0.0156897
0.0162841
0.000832828
0.00163206
0.0202649
0.0247447
0.0150596
0.013056
0.0672862
0.0631396
0.0249218
0.0294887
0.07629
0.0741726
0.00111396
0.00202263
0.0326253
0.0292686
0.0202213
0.0171683
0.0262591
0.0234489
0.0386777
0.0359794
0.000326059
0.00132499
0.000677735
0.00434418
0.00494823
0.00346252
0.0334415
0.0269314
0.0283657
0.0321644
0.0013012
0.00301629
0.000647671
0.00184443
0.00564859
0.00489828
0.00250808
0.070482
0.0744489
0.0755626
0.0687924
0.001799
0.00750181
0.00416201
0.056539
0.0459943
0.0512448
0.0518461
0.00124814
0.0027726
0.00333433
0.00111794
0.00151292
0.00431693
0.00359798
0.00169948
0.0163175
0.0133228
0.0130244
0.0167971
0.0568816
0.0540846
0.0554411
0.0561393
0.0478134
0.0420797
0.0423303
0.0487655
0.000813113
0.0013912
0.00135434
0.000502204
0.00256207
0.00217228
0.00102428
0.00347615
0.00468988
0.0018971
0.00428735
0.00519574
0.00476427
0.00385675
0.0076639
0.00865847
0.00635079
0.00215949
0.00135982
)
;

boundaryField
{
    frontAndBack
    {
        type            empty;
    }
    outlet
    {
        type            freestream;
        freestreamValue uniform 0.14;
        value           nonuniform List<scalar> 7(0.213341 0.358322 0.322163 0.212891 0.13105 0.121525 0.132699);
    }
    walls
    {
        type            fixedValue;
        value           uniform 0;
    }
    inlet
    {
        type            freestream;
        freestreamValue uniform 0.14;
        value           uniform 0.14;
    }
    airfoil
    {
        type            fixedValue;
        value           uniform 0;
    }
}


// ************************************************************************* //
