/*--------------------------------*- C++ -*----------------------------------*\
| =========                 |                                                 |
| \\      /  F ield         | OpenFOAM: The Open Source CFD Toolbox           |
|  \\    /   O peration     | Version:  4.1                                   |
|   \\  /    A nd           | Web:      www.OpenFOAM.org                      |
|    \\/     M anipulation  |                                                 |
\*---------------------------------------------------------------------------*/
FoamFile
{
    version     2.0;
    format      ascii;
    class       volScalarField;
    location    "1590";
    object      p;
}
// * * * * * * * * * * * * * * * * * * * * * * * * * * * * * * * * * * * * * //

dimensions      [0 2 -2 0 0 0 0];

internalField   nonuniform List<scalar> 
5497
(
-2.25656e-05
-5.85454
-2.21341
-16.2237
-2.69868
-1.19258
0.190784
-24.4101
-9.4798
-16.4714
-12.2926
-16.0414
-10.49
-11.6457
-13.0096
-0.68916
2.35884
-0.75878
2.94765
-3.24577
-0.380783
1.50375
-0.6323
-2.16075
-2.19342
1.49154
-1.364
-0.268084
0.240883
-0.54984
-2.88377
0.911355
-2.12281
-3.31182
0.729972
-7.0631
-2.40366
2.77733
-2.21778
-0.656956
2.59992
-0.539932
-0.313408
-0.833703
3.77718
-4.27041
-3.60432
-0.745373
-0.276623
-0.0642557
0.78134
-3.0747
-1.07902
-4.33492
-8.80745
4.35064
-4.16696
-1.74855
-6.78281
0.133936
4.78243
2.54495
-3.0213
2.26104
-2.78375
-1.99962
0.593499
-0.321348
-3.98689
-3.36519
-1.31704
-0.978861
0.226093
-0.43084
7.52138
2.12886
-3.46532
-0.105847
11.3768
-3.99533
-1.90906
11.2835
-0.495759
2.68831
-8.5173
-3.23101
-5.42
-1.15658
-4.43412
-4.04996
13.1023
-0.223438
-0.927691
-0.145941
-0.292606
-0.253718
-0.453383
-0.497454
-1.92088
-0.335784
20.6346
32.2547
-1.75918
-0.19694
-0.454965
18.1271
0.400838
15.6588
32.7529
-0.244607
0.191979
-0.809924
-1.19605
-0.2937
17.6431
-0.0988308
-0.367198
-0.175449
0.16258
0.0956288
-1.00303
-0.792874
-0.208428
-0.0795163
20.0491
-0.653759
-0.926451
0.436883
1.29032
0.509659
0.778657
-0.281293
-0.830411
-1.99833
-0.818952
-0.492165
-0.130799
-0.138358
-0.614938
-0.520232
-0.0121246
-0.622575
-0.0628667
0.0818486
-1.71992
-0.166615
-2.75439
0.931784
1.35969
1.76863
0.98605
-0.845667
-1.09511
-0.648053
1.0186
-0.111604
6.06155
7.17498
-0.0165242
0.782606
-0.716098
-0.665392
-0.683354
-0.406931
7.64941
1.76181
-3.70056
3.20865
0.0849472
0.435969
-3.92086
-0.372112
0.984835
0.932081
0.581328
2.38611
4.05943
0.587185
-0.68884
-0.67112
-0.0294605
-0.164014
1.34471
-0.712532
1.68355
0.904215
14.9485
13.1548
0.188962
-0.762943
-1.40764
-0.419122
-0.908236
-0.0395714
-2.90934
-1.23311
-1.8804
1.10684
2.21086
2.01292
-1.44486
-2.70665
2.01328
1.78154
-2.197
0.343987
1.15887
-0.281683
-0.419116
-0.0556562
0.0177392
-0.1858
-0.357472
-0.764121
2.52594
0.225184
-0.15545
-0.241035
-0.145208
-0.220887
4.95778
0.852331
-1.01833
-1.2019
-1.61398
1.81614
0.661708
1.00239
0.71042
0.473567
0.632873
0.843632
1.57043
-0.218508
-3.36948
-0.0492606
-0.137789
0.102852
0.417971
0.00286285
0.0930422
-1.21948
2.6362
2.46266
-0.100808
-0.129515
0.0465582
-1.09192
-0.186513
-2.51073
0.698767
-3.59608
0.0342626
0.713946
-3.10695
-0.621035
-4.27078
-6.16193
0.90938
21.2924
21.7649
21.8625
8.36518
-0.0839178
23.0333
-0.27299
19.1358
16.573
17.1726
15.9226
24.0127
23.1575
-0.712466
25.0637
0.050386
0.889263
22.2121
21.5814
30.3474
29.8368
24.4182
25.9164
0.285478
23.2315
21.8717
-1.21835
15.2405
-1.79167
13.028
24.2073
23.8458
23.4666
19.5651
24.8355
24.0632
24.3828
24.0207
25.4123
26.092
26.082
-0.685414
15.3292
-0.0379266
22.739
22.2046
2.13914
1.99924
2.18696
0.414038
21.8681
22.7008
20.6746
21.7809
0.0567279
-0.0526273
0.635839
0.742037
25.6711
-2.81454
-1.00458
23.7873
24.5205
24.1024
22.2216
-0.10873
-0.105595
0.331502
0.411967
17.86
1.15964
1.40587
24.9338
24.8732
24.9519
23.7083
20.3699
20.3833
21.7872
14.5162
17.0849
15.8071
-0.450432
-0.582075
0.986565
1.29438
20.3617
19.4664
19.7812
18.5797
16.0734
-0.183877
-0.105476
-0.476693
-0.220505
-0.280813
-0.0293913
0.0982964
0.0615259
0.0747766
0.753073
1.47079
2.14437
0.417412
0.57915
0.587437
-2.38515
-2.06098
22.2831
22.7506
22.2559
23.4807
23.6366
23.6565
22.5474
17.9288
30.8763
-1.22394
-0.14845
0.10777
-0.0303966
-2.58924
-3.2462
-2.79796
-3.20996
-3.60554
-2.01763
-0.360152
-0.409214
-0.580755
-0.833979
-0.603161
-0.675553
1.59277
1.47236
12.0443
3.01437
0.782793
0.637028
0.637399
4.80311
5.56463
-0.326968
-1.14142
1.71194
-3.66798
1.02617
0.938116
-0.592211
-0.325549
-0.272733
1.57803
2.56638
2.31446
19.0336
18.3761
32.7236
0.555893
0.460858
0.427678
1.58448
2.10322
0.155438
0.301488
4.93454
-0.788852
14.4156
13.802
0.358614
2.33265
0.24961
0.200999
-1.39487
14.1617
16.5236
1.63749
1.87734
-1.53622
-0.0446316
-0.509364
-0.23187
1.30051
1.98788
11.8751
11.7
12.9229
24.0517
0.588586
23.6323
1.99282
0.184523
3.02322
-1.58211
0.715954
0.818968
1.54006
-1.78753
-1.5544
34.9894
37.5075
1.32753
1.58904
-0.0726194
-0.862999
2.05183
-5.98734
-1.93809
5.41464
1.76485
-1.28295
2.44081
2.40487
-0.784434
-0.750381
-0.64478
-0.946061
-2.48948
-2.69322
17.354
17.8058
18.704
0.111285
0.24634
1.69742
1.93486
0.467907
-2.91163
-2.24034
2.10472
20.6204
0.107136
0.0211307
0.15964
0.095791
15.4957
16.7688
17.5621
1.69587
1.8733
2.01343
-1.61731
-1.68231
-1.89259
-1.73458
22.2443
20.4265
20.942
21.307
-0.880528
0.0178877
1.57608
21.954
21.2528
1.50114
1.27504
-0.31842
-0.270827
19.1834
19.3805
1.33958
0.777878
0.0943055
0.0967763
0.311745
0.167816
-2.02892
-1.99232
-2.29082
8.78162
28.9673
0.550786
1.32969
-0.16959
6.37747
-0.912523
27.1115
26.9514
-0.817448
-0.34198
24.3615
23.7828
25.3958
28.3607
28.9892
4.47894
0.26053
28.6776
19.5846
27.5285
27.4802
-0.241952
0.453935
27.1517
14.3075
1.91227
11.9137
19.1121
17.6061
25.0912
25.0889
26.0325
27.7601
27.4813
0.422847
0.995348
19.4259
21.7087
22.2057
19.9988
1.07777
0.734174
0.880609
20.3442
0.440643
0.643918
0.350476
0.44183
-0.128868
-0.221003
-0.314557
-0.178425
-2.0674
-2.4264
18.4431
15.7006
15.832
16.7063
18.4794
23.1279
22.9125
22.9813
22.1522
0.114982
-0.0252319
-0.028949
2.55896
2.93332
2.73402
2.50403
19.745
19.5839
1.25751
1.22767
26.8052
13.3593
-0.154641
-0.123734
-0.204752
-0.114123
2.73686
16.5028
16.3732
20.6425
21.4866
25.2096
0.263877
0.496988
0.143011
0.42333
1.31015
1.00672
1.03816
3.36223
3.69346
3.72354
2.89658
-2.51581
-2.42281
27.746
4.90995
22.0141
29.8861
29.6905
29.2904
26.206
-0.584809
26.4877
27.9718
-3.44375
9.14517
5.66587
-7.21187
11.49
-2.33888
24.0462
23.5819
29.3314
0.122533
0.229377
26.8573
-2.20618
-1.62683
-0.082311
-2.86128
11.4828
10.5282
9.42854
0.0739384
6.18091
-3.75686
-0.212632
-0.462869
29.8509
17.3029
-1.60327
-0.801713
-3.38272
-2.90014
-0.175069
1.91219
1.36698
2.03371
2.26202
4.18679
4.8674
26.4303
18.0587
17.0283
-1.84909
25.1189
25.3665
0.515124
14.0423
13.0824
9.62013
4.06856
-0.158609
-0.734343
18.8426
5.09847
11.0934
14.7861
15.7233
6.75351
6.17514
0.615337
0.23762
-3.24688
-3.1067
-2.66848
8.99677
8.91306
-4.15278
-2.15576
-2.05891
-2.59317
2.56113
2.64303
-0.699016
0.128275
-2.8916
-2.63297
-3.26465
31.6468
-1.10439
-0.574333
-0.209041
22.2357
-0.0721691
-0.124405
0.249701
24.749
1.66458
0.430699
0.601936
1.44995
15.8028
14.304
14.4057
18.091
0.863749
0.328226
29.6276
0.00277729
0.694728
-2.01374
10.9649
9.90075
3.79408
23.0815
3.57593
3.26332
16.6872
17.3034
18.2831
-0.567176
-0.527118
-0.657515
-0.324958
-2.65873
-2.29927
4.0355
3.63691
3.10292
1.7565
2.02446
-0.54142
4.21786
4.7003
18.7115
31.045
12.8493
3.48198
1.16121
0.557894
26.7506
-0.153787
-0.229851
13.6622
23.0315
-4.56461
-3.49935
26.0252
27.901
27.8192
16.3569
-1.86506
27.1075
26.7092
26.8478
4.88278
4.41918
26.2626
26.3791
2.70116
3.22368
2.89116
-5.61032
-2.21863
23.9894
20.5927
20.3566
21.2071
21.1319
28.7974
28.0528
28.4829
15.8077
5.77137
2.70276
2.96425
-1.95799
-1.07754
-0.347533
-0.236375
-0.193777
1.55646
1.25962
1.22435
22.6445
23.0848
-1.61092
-1.6557
-1.19369
12.0831
10.6777
12.0373
10.6802
9.57518
10.649
-2.56398
-2.72411
0.00915575
-1.72059
0.32166
0.159788
0.437467
0.362751
1.23479
1.77292
19.629
19.3298
7.69516
7.98476
-1.22218
-1.26925
-0.231465
9.09732
-0.878671
18.347
18.6723
-2.13361
-2.3129
-2.61723
31.901
20.8463
21.9947
21.4735
0.179651
0.0664875
-0.195384
15.7518
16.9757
0.85504
0.673394
19.4806
20.2437
22.4681
14.3579
12.8264
13.9302
-0.137101
-0.168284
1.79165
3.3824
2.65145
26.6628
26.49
-0.473018
-0.511433
0.0116005
-0.355953
-0.193764
30.4508
1.17983
1.84177
30.7474
2.68171
-1.02372
1.30806
1.59821
-0.411111
2.22098
2.96231
2.48776
-0.658344
30.1868
30.2445
-0.531111
-0.706769
-1.05528
8.66188
29.2684
29.8683
28.434
28.9128
28.9744
30.768
31.5695
-0.0846734
-11.6841
1.11541
1.23885
1.09176
-0.22783
0.694999
1.85402
1.78616
-0.653794
-0.104312
-0.370395
28.8418
28.4645
29.5111
2.57203
2.03309
2.19479
25.4933
27.9647
26.9028
30.0641
24.4789
23.6659
30.0472
-0.750296
-0.877341
-0.304325
3.3556
2.92115
3.07231
3.71912
5.30323
4.34253
4.88889
4.43249
-0.427678
-0.557438
-0.596202
-0.287646
22.4447
0.191028
0.0240315
-0.332852
-1.04743
-1.22184
20.7096
19.4095
26.0208
26.3213
26.1124
26.3246
24.5771
24.356
30.9209
31.3906
29.8662
23.6706
7.92821
8.66079
-0.113686
26.402
25.2226
-0.185071
23.1911
24.3898
24.7216
23.8645
-10.4343
-6.44275
24.3259
24.0637
23.988
21.3121
-4.6354
-5.3819
23.1616
23.1546
0.133175
21.174
0.8903
0.986775
-9.16883
-6.77218
-1.09651
3.49772
23.6249
23.4979
-3.49321
-3.92526
-1.20952
22.5465
29.8595
29.4216
25.0403
30.0412
29.805
30.1462
-0.0478452
-0.832975
25.3569
25.9446
25.4297
-4.71844
3.20706
22.8902
22.1356
22.6923
-0.647585
-0.369215
21.1272
24.6179
27.6719
28.1245
28.243
4.65482
-0.640229
15.1506
-0.425635
-2.61597
-0.880956
-0.361486
2.83331
20.8858
17.5117
18.2543
6.94445
14.9627
18.9016
10.3125
11.1349
6.1399
7.1311
5.40369
-1.97007
-1.83522
-1.62716
-0.432806
-0.043709
13.7004
14.278
-3.02052
-3.25379
24.4744
25.1353
24.6058
-0.140525
0.141436
-0.119935
29.7134
-0.912382
-0.435205
26.512
11.1824
8.02548
8.74919
-3.97537
-5.10839
-4.38046
-1.24891
-0.513584
-0.845499
-2.26829
-2.58156
-0.840714
-0.99261
-1.30225
27.4624
30.4677
24.8611
25.1107
25.4454
-0.896826
0.107943
16.864
17.472
8.18868
9.4982
28.7821
-0.339227
-0.294584
-0.477869
-3.21251
-3.03956
29.1783
21.8545
-4.76769
-0.855573
-0.874036
-1.16616
-1.07414
-1.37314
-3.09856
-2.90705
-0.134805
8.50836
7.11593
10.6031
-2.74005
-3.44442
-2.53567
0.404842
-4.64152
-0.296984
-0.149716
-1.26593
17.1756
16.8948
-1.44777
3.90084
20.7191
26.3045
3.5548
1.59084
1.50853
22.0719
22.5088
30.8695
5.59042
6.40181
7.39101
5.81794
29.9541
30.1051
-0.372161
-0.322484
-0.192126
-5.12213
-5.83709
-0.557031
-0.58912
25.3689
24.1197
22.6435
-1.6986
0.685252
0.492416
0.732637
0.950912
-1.95226
-2.89363
12.0994
11.0514
-2.34728
29.4095
30.1784
29.7177
29.7822
7.14504
20.9548
18.2336
18.9797
9.06076
9.65901
10.0999
7.56776
8.24425
8.31369
7.45026
6.43923
-7.2103
-2.39293
-2.69064
-2.31812
-2.38857
26.1045
26.1548
25.7861
-2.96885
-2.48515
-3.11753
-0.607166
-0.646198
26.5762
26.5487
25.802
3.25133
-0.877128
-0.987108
-0.688138
-0.476693
-0.354702
3.3397
2.11485
1.50328
3.30291
3.02841
4.63712
0.194261
9.49871
-3.37653
-4.92198
7.94238
6.23202
-1.58418
-3.26353
-1.2583
3.18682
3.32876
3.24198
3.99206
-1.72073
-2.06974
-2.23388
-2.3729
-2.31755
-3.20986
-0.814683
31.5697
31.1189
6.38547
2.10718
30.0755
30.8626
2.11851
2.07557
2.30766
0.459548
0.488769
23.3944
22.746
23.1507
21.3847
27.6879
28.0248
27.9301
26.9496
0.304261
-0.158031
0.0550225
-0.309276
19.6011
-0.259659
-0.44983
-0.252949
-0.247427
-5.99533
-5.43928
-19.9394
-2.51094
-1.83995
-19.4658
26.7644
9.65015
-14.2817
-3.92017
-5.81483
-5.77241
-13.63
-5.79753
21.0382
21.6693
29.3984
-1.42843
28.9911
5.15486
-5.2953
19.0868
20.1036
-0.711726
-1.72432
-3.98885
-15.5895
-3.66523
29.7069
5.67775
5.69803
6.25653
-8.27956
-7.00606
5.33241
29.6501
-12.0457
-2.73244
-3.64916
24.7162
24.1857
32.9773
11.7971
11.3643
1.09462
28.9497
27.1031
27.1297
31.6634
-2.09794
28.8307
19.6705
10.7803
-2.01609
-1.81667
29.135
-7.69764
25.3678
22.5263
23.5595
-0.503786
-3.60459
-4.32016
-3.14897
9.48199
30.1157
30.4459
-5.51273
-5.99306
28.6677
28.3809
1.13643
29.3082
24.6177
-2.69141
-2.94099
4.51966
4.35937
29.3188
20.1494
19.5025
20.482
2.36219
24.1695
24.6131
29.4383
1.89582
1.39496
1.2539
-1.50425
-9.28266
-10.2067
7.07189
7.71451
29.1821
4.1407
-9.28511
17.8972
25.4458
25.1022
29.4105
-4.55286
-5.5657
-5.78789
-5.72222
31.6595
28.0255
30.1087
30.4269
30.1861
29.4676
29.1116
29.2384
31.0238
-16.8439
31.0637
32.3534
31.9122
29.5137
28.7037
-1.33245
-1.81599
27.6078
-0.497318
-0.53983
27.6621
27.6391
10.099
9.92421
10.4697
14.4168
29.7947
29.703
1.03619
0.83366
28.5103
28.2004
29.4585
23.8918
23.6653
27.8116
27.9392
-5.07746
-5.89919
26.8902
26.9258
14.6705
12.6135
13.8027
-4.27839
-4.79395
-8.45515
-11.756
-0.484276
28.2402
25.3276
26.2405
28.1186
20.8249
20.2428
25.4733
25.0116
30.9167
23.0932
20.6963
25.2621
0.901717
26.9822
26.8336
-0.438909
-0.542666
-7.04545
-6.70781
27.7429
28.8491
28.7587
30.2844
0.258855
22.3894
-1.0084
-1.29028
-0.972204
-3.37078
-3.87083
-3.31152
22.9193
23.1967
0.592923
0.561878
-6.6493
-8.23242
-0.985632
-1.76405
-2.03427
-1.91741
-4.76437
-4.0593
-4.08887
26.3007
-5.27946
-6.16818
19.4744
20.1092
-3.75011
-3.82207
-4.51111
10.9569
14.1779
27.3827
27.2897
-0.437345
0.0801752
-0.289455
-3.61934
-2.40358
-0.436983
-0.498395
18.7212
18.6933
18.8975
19.1756
0.166058
6.44677
5.83844
6.76154
-3.48173
-2.97819
3.30819
2.54802
1.70992
-1.53961
27.9655
28.1173
27.6035
27.5045
4.38459
9.18323
7.98293
29.3066
28.5778
-1.35664
-1.58998
28.5295
28.343
28.4264
27.8315
27.6114
27.474
27.7974
27.4208
27.5162
-0.392329
0.185718
-0.286931
1.54579
1.02548
27.3496
27.8383
27.5983
28.175
2.48915
25.7847
2.80668
3.6501
15.0091
15.6663
-1.30313
-0.987274
-1.54046
0.984523
0.37843
24.4643
24.6613
-17.3839
-15.6952
-18.6188
12.602
9.55341
10.4115
26.002
25.6072
30.1915
29.9321
30.134
13.514
12.7078
11.406
-4.82102
-4.09939
-1.55275
-1.42693
4.09167
4.44079
5.14938
27.612
27.4196
30.2525
29.9848
26.0519
25.4616
26.8565
27.1315
-9.94172
-10.2546
-11.5119
13.9208
16.1634
16.3135
15.0072
2.83482
2.21953
2.59633
-3.75731
-4.09651
-0.354441
-0.29847
-0.333005
-7.8421
-7.65083
-6.706
-5.61016
0.748907
0.921559
-10.9696
-8.46536
21.9543
23.1159
25.1389
0.435676
-9.53779
-2.63098
5.47045
-4.95548
-58.3748
-6.41075
-33.6211
4.21146
5.01424
4.79049
-75.5522
-58.4515
-52.4631
4.10399
3.68787
4.80443
5.31131
5.25593
5.28586
6.26498
-2.1854
-2.68145
6.57494
6.64144
-76.0757
4.13795
3.84937
-1.15614
3.19873
4.02804
4.05992
3.38025
2.34128
2.12919
1.85193
2.82834
13.2436
12.5669
4.32378
27.8342
27.9203
26.3475
26.4162
-1.74143
-10.1276
-10.6384
-11.9528
34.3695
34.7634
1.54491
-28.2375
9.66172
8.6956
32.6688
-7.89726
-11.1782
-9.45235
-8.52179
2.6372
2.12885
-12.6138
-20.3439
-23.1536
-33.9986
-3.28466
-10.9238
26.8881
27.0677
-0.262992
32.4831
32.0752
31.9702
-3.57024
-3.79292
-4.98754
7.51758
-6.6354
30.0602
1.27904
0.873109
-0.659924
-1.06835
-9.40747
-10.6056
-2.74567
-5.28124
9.95676
-0.211339
-0.45024
5.94073
5.40185
5.81457
-0.698706
-0.396267
-1.45992
-1.15702
-0.291365
13.3309
4.87227
4.89294
2.7444
1.34001
2.67425
28.9386
29.1468
-8.64493
-8.79398
-0.604716
-0.753688
23.9853
4.04429
-17.391
-0.942279
26.4958
26.6878
18.0426
19.7964
6.36512
-1.03021
-2.47085
-66.6642
3.65805
3.98165
3.1547
-27.1514
29.1633
28.8242
34.9765
33.3785
-0.0371267
0.249274
-1.03953
-1.00408
-4.84946
-6.53357
-5.45818
0.761748
2.31102
-0.741569
-0.561252
-9.56157
-10.628
-11.614
5.99743
-21.5945
-1.45829
27.8827
26.2326
26.3174
26.0558
29.3258
29.5291
29.5308
26.3948
26.6846
26.6158
7.22985
6.75307
8.07993
-2.65489
-4.86851
-21.2054
27.4223
27.5043
27.8057
-0.911571
-0.623307
6.85697
7.15826
-1.5169
29.5331
29.4338
-8.82875
-7.85948
-6.65723
28.133
28.0531
28.2064
0.12728
-6.39885
-7.42896
-8.96609
5.65842
-14.0015
-15.667
-17.3704
21.3471
22.3088
2.75927
2.73166
2.49126
-18.4056
-16.3476
-8.69347
-0.263622
15.2274
14.4766
12.7927
-16.4054
28.5434
28.4792
28.3287
28.3553
29.555
-4.8587
-6.06929
-7.88745
-13.4041
-14.9054
25.8427
16.9513
-0.781539
-0.929589
-10.5219
-9.54408
4.15683
3.23707
-2.95345
23.1824
22.8668
22.9398
-0.576838
-0.403398
-23.7255
-19.1042
-3.69257
-4.17727
30.5954
27.8814
28.1778
27.8885
33.2804
0.0294031
0.401569
0.255406
23.5225
23.6302
24.023
27.2791
-8.90807
6.83829
6.40181
7.89226
27.0176
27.3541
37.7662
-7.01343
-0.32484
-1.19428
28.8084
28.6474
21.5082
21.4944
-0.470921
31.1701
31.2032
31.3453
30.2356
31.6717
31.0793
30.6643
24.6426
24.6616
-0.354041
31.114
30.6824
30.8898
19.2761
19.3563
20.9183
30.9656
29.0827
28.81
-11.9183
-10.4253
26.9203
27.1566
-0.856885
0.457373
-6.99079
0.613803
1.23344
30.1026
31.1887
31.4173
31.8151
-0.851902
-0.487653
0.0179257
29.2502
-6.54469
-7.81582
-5.60184
-2.15727
-3.38565
-4.8294
28.1547
28.109
22.8977
23.3155
-6.44545
-8.11407
-7.45214
-1.08534
-3.06959
-2.99634
10.8331
11.4789
9.90935
23.8924
23.5515
26.5598
-4.52215
-5.16412
-2.21145
-1.92399
-1.32657
-1.42353
-6.80136
30.2557
30.267
0.62106
-2.36074
27.002
26.7934
23.9396
23.7727
23.3016
-5.65785
-5.69252
29.193
28.1308
28.202
29.5622
29.723
29.8036
27.1187
28.1093
25.8457
24.6996
24.4458
24.3661
19.0581
18.1765
19.0258
-0.461679
-1.41099
1.61029
0.918187
-3.53313
-3.99779
-2.71088
-5.04599
-4.92248
32.35
31.913
-11.429
-9.96993
31.2527
31.7927
31.4587
32.6921
31.2438
32.4004
-4.25849
-4.94364
-5.57021
-4.0198
1.46639
1.57391
1.32039
-0.817869
29.198
29.0861
29.3149
27.424
26.8459
0.141824
0.214496
0.0569082
-0.262304
-0.830175
-1.13703
31.5563
31.4669
-10.6773
-29.6606
26.7856
-12.1307
7.53377
9.69278
11.5003
-23.8102
-32.428
-50.5609
-29.4613
-35.9152
-32.9926
-32.797
-31.59
-34.2723
-40.8126
-49.5003
-30.5288
-31.2254
-38.9458
-42.9447
-31.5919
-71.7992
43.4205
34.9939
-1.08782
-0.514457
-0.126696
4.87622
-61.6879
-39.4765
-9.64185
-36.9728
30.9672
30.4558
31.0465
30.5973
-29.5145
-29.1165
6.22026
5.50169
6.94461
-38.0086
7.4316
7.66584
7.61143
8.90699
14.3685
-33.876
8.15475
-37.5262
-31.3554
-56.4965
25.1422
-32.1534
-25.4729
-36.3161
-28.6384
-7.73505
-8.75084
-2.18968
-2.36599
-19.6425
-27.6389
-25.7952
-2.12606
2.42202
-28.4887
-31.735
-7.3158
-39.3712
-13.2405
-25.7923
-46.0653
-8.25962
-8.18134
-11.7464
-26.6499
-23.1351
-27.583
-23.4199
-12.9485
-25.3756
-36.9728
-6.99374
-27.3149
-40.6814
14.4834
15.194
-0.600856
-2.11668
-1.71202
-25.3117
10.6394
-9.23267
-10.3175
-54.7063
-24.5677
-24.3222
-30.1815
-27.0858
0.547773
-13.4899
-15.2886
-17.9772
-21.4298
-19.5316
-6.33983
-32.4637
-2.42201
-14.1638
28.3858
28.2952
28.6901
-9.22001
-15.8989
-13.6667
-34.7854
-23.5935
4.7104
-9.42323
-10.6344
-11.8973
0.319373
0.458361
-17.5311
-1.5559
9.63183
9.52469
-18.7276
-21.4409
-13.113
-11.2989
-11.3944
-4.66025
-5.20406
8.40606
-8.48585
-73.6807
27.5233
-5.71161
-6.1949
-7.70042
-43.5745
-1.10124
-0.937918
-6.54629
-7.25162
-63.3483
32.5193
32.8926
-26.9915
-27.9887
-27.3101
1.43819
1.80323
-7.28434
-10.5315
1.44998
-19.7297
-21.9762
-13.9206
-11.8591
-27.9792
-30.0761
-59.5914
24.7168
25.3591
26.3001
1.52767
3.52349
3.49733
-26.818
-12.042
-13.7547
-5.14
-4.24014
-3.72848
-33.2584
-31.3019
-27.4156
-1.72762
-2.12366
-1.47578
-1.10298
-7.89691
-16.3277
-0.915306
28.9331
28.877
28.6742
28.5421
5.35926
-0.478343
-0.54307
14.5724
2.45181
-6.23031
-24.3762
-21.0377
28.5443
-37.4454
-14.8606
-13.2226
3.5537
3.60495
-7.70834
-16.4071
-36.1585
-0.631464
-0.507337
4.05596
3.82657
2.95969
-11.4409
-11.948
-29.0753
-25.3991
34.6708
29.6261
-3.85077
-69.0533
-16.7684
-19.8333
21.0696
21.4919
34.0756
35.5159
32.2522
32.9167
-5.96932
-5.06494
-16.2809
-19.4177
-0.321194
-5.91068
-7.33987
-8.67015
27.1026
-59.616
-26.6185
-2.1081
-1.33135
-3.41242
-29.0124
-13.022
25.1667
24.9189
24.9704
-0.796901
-28.6657
28.3891
28.6957
28.4379
-17.0316
-14.9177
-13.8768
-2.30208
-3.0758
16.2286
-0.4268
-5.41618
-7.31827
-6.36913
6.44352
2.9692
3.4169
-8.43446
-7.54895
-2.91192
-1.96939
-2.04978
29.8037
29.4487
29.3539
-0.867467
-0.808887
-28.2348
-2.89932
-14.6559
27.3272
27.2758
-11.309
-8.43836
-9.33191
1.15471
-0.111232
-1.79954
-1.23773
-1.55513
12.466
10.3975
11.2599
30.1605
-5.52271
-5.42952
-2.84013
-3.65517
-4.21473
-4.76497
45.2387
38.4805
35.1971
-12.71
-11.3192
-10.5618
-36.332
7.75823
6.4017
7.97611
-7.74423
-6.74879
-0.951362
-0.571017
-33.0288
25.1333
25.4072
-9.3658
-7.77915
26.7421
26.5883
30.9494
30.6324
30.8169
9.5255
11.7699
10.0786
11.4714
32.3482
32.2852
32.8311
-7.1807
-7.05931
-8.46646
24.9232
25.5433
25.203
25.0013
25.2666
25.1569
25.5189
8.87308
8.70807
0.950029
-0.992203
-0.121036
-20.1258
-30.4948
-39.8215
-43.8475
-33.8173
-14.8702
-25.1525
-25.9362
13.6353
9.86753
-28.8135
3.71811
-29.2199
40.1395
-27.0221
-20.8762
-17.1108
-29.7572
11.3158
12.4907
-25.6694
20.6587
18.8393
-12.4966
-16.6534
-16.5751
-15.8438
-24.6737
-30.9689
-31.9863
-17.4006
1.41139
1.14345
2.35777
0.448051
-29.7552
-29.9061
-32.0736
-28.2489
7.38323
8.01439
8.72374
-41.7615
-1.19538
-40.3338
-31.9977
3.75309
8.87408
7.87569
-17.984
-16.8944
13.4883
12.1738
14.22
13.0875
-7.43636
-7.46743
-1.77654
-16.1917
25.7133
25.6616
25.8444
25.4356
25.7281
26.2832
26.1497
26.2559
-7.06168
-8.86366
-27.2866
-27.3727
-25.9544
-25.6572
-24.9321
26.2663
-3.56824
-29.1745
-43.5525
-27.142
-27.2263
-30.2335
-25.4723
-29.5843
-23.8278
-27.8564
-38.2851
-45.0147
-45.4741
-28.7732
-49.0569
-28.6283
-28.2664
-3.9003
-11.0574
-12.1313
-28.9997
-29.017
-33.3989
-44.3686
-39.1682
-28.9583
17.292
16.7788
-7.59383
-18.5952
-17.1598
-26.6479
-30.8445
-30.8185
-28.9979
-22.098
-29.8735
-41.4195
-41.5492
-29.1393
-29.1289
-30.339
-25.2373
-29.8893
-22.8948
-22.7272
-29.5832
-29.4795
-2.8129
-19.1959
-22.3523
-31.7745
-35.2256
-35.1959
-35.0501
-28.9516
-29.3579
-41.3935
-41.0397
-36.0173
-27.0366
-27.8735
-29.4009
14.3473
16.5709
-41.424
-32.5026
-28.7604
-28.7566
-31.4135
-8.84777
-9.56113
-34.0818
-10.5659
-13.8019
-12.4101
-41.5523
-59.4854
-28.8216
-31.4501
-32.9645
-33.3262
-32.9079
-31.146
-31.099
-30.3472
-27.7366
-34.9302
-40.3502
-45.9876
-27.1215
-27.1322
-29.5505
-29.3013
-46.419
-67.6516
-56.6837
-65.7439
-23.8942
-29.0255
-28.1164
-31.3912
-32.9455
-33.2591
-33.9702
13.7124
13.0148
-32.6446
-33.0421
-47.5671
-47.3353
-31.0095
-31.349
-64.4667
-61.3542
-29.3114
-58.0599
-56.4962
-16.7509
-55.9933
-0.00136736
-1.59392
-26.4899
-48.3466
-49.97
-49.4292
-69.2011
-43.0047
-43.0364
-42.025
-10.0168
-1.94687
-33.1881
-2.60641
-2.65898
-25.4417
-24.8537
-52.7021
-63.1346
-10.7192
-31.8408
-28.5533
-28.6949
-32.7968
-34.4377
-33.0685
-31.7511
-34.0944
-27.5754
-27.5152
-5.18985
0.0695932
-27.5321
-17.9589
-16.54
-48.1793
-49.2727
-47.4594
-21.0082
-18.8617
17.0773
-24.865
-16.571
-38.5802
-35.0014
-28.3256
-27.6961
-29.6834
-2.34903
-1.89715
-5.44739
-28.9878
-30.3558
-33.4784
-29.4475
-29.4157
-32.2197
-31.7698
-53.5269
-52.705
-29.1953
-29.0074
-51.1638
-50.4992
-28.6778
-37.0473
-35.8434
-34.3542
-36.5036
-47.2199
-3.87963
-3.60782
-14.6232
-16.4331
-37.5666
-37.2777
-36.8675
-25.2401
-5.42326
10.4471
10.2353
-49.0925
-44.0766
-29.8667
-42.2837
-41.426
-41.7575
-35.5528
-35.2668
-34.9922
-29.7607
-25.3908
-27.7257
-48.2917
-47.8956
-48.3866
-40.9147
-42.7046
-23.1314
-20.501
-19.1042
-30.2826
-57.0306
-59.5809
-32.4794
14.9375
16.7446
-1.37989
-1.27952
-12.5458
-29.2427
-29.0555
-2.3999
-1.66934
-29.4006
-28.8938
-34.441
-36.9976
-32.75
-49.4269
-44.3404
-36.3463
-36.1962
-36.203
-22.6625
-23.0551
-25.7496
-27.7232
-28.9634
-10.5075
-29.4345
-29.7611
-31.2436
-31.7698
-16.0156
-5.46983
-5.10293
0.264902
-27.9204
-23.3793
-24.5977
-28.8334
-40.5144
-17.429
-3.33672
-1.51133
-23.8426
-20.3665
-22.2346
-23.5431
-43.378
-33.4776
-29.5512
-58.7326
-57.0918
-28.4741
-50.7208
4.76273
4.98269
5.88448
-49.2804
-2.00746
-1.57781
-20.2042
-17.3147
2.07241
3.33982
1.6381
-8.00257
-41.5379
-42.4728
-42.5496
-39.0827
-39.5172
-25.4842
-23.3738
-69.5422
-65.0551
-66.7647
-65.2514
-5.70151
-4.51469
-32.9478
-16.0313
-25.7286
-27.5056
-24.1271
-2.33922
-60.0767
-60.4523
-26.7867
-5.33164
-7.08412
-1.54212
-1.69848
-1.40861
-25.7958
-23.9866
-22.7229
-0.868025
-36.7758
-36.2493
-36.1764
17.0592
18.3593
17.8101
-29.3293
-30.2553
-29.3467
-27.9936
-31.0079
-37.1317
-36.7424
-14.6205
-16.1057
-24.3182
1.61112
-3.48429
-3.17495
-2.55353
-38.6209
-35.8817
-37.5523
-34.0964
-33.3044
-45.1467
-1.20089
-0.981942
-1.92598
-5.21811
-45.5055
-43.232
-40.1463
-19.5481
-18.3122
11.0758
12.0077
12.1548
-37.739
-38.0458
-53.1452
-54.2908
-63.2436
28.5323
-20.9618
-26.0192
-27.7928
-40.8746
-14.5244
-12.7806
-28.3905
-30.3678
-1.364
-26.4198
-11.1522
-11.797
-29.1121
-29.2199
-36.1668
-28.8038
-28.7292
-19.0478
-4.66792
-4.30783
-47.3039
-46.553
-25.0932
-27.4514
-21.1624
-1.26572
-39.8482
-36.1281
-12.7024
-10.9731
-9.87686
30.0314
-34.4663
-50.013
-46.8551
-63.8361
-58.3473
-3.66073
-28.6599
-28.2839
-7.07729
-24.8105
-27.3235
-27.0994
0.893021
-1.07801
0.113515
-54.1351
-2.50129
-3.3944
-3.18274
32.2297
29.8929
33.5134
1.50191
30.4552
30.1925
29.941
-19.8997
-21.7736
-2.52438
-4.12263
-6.30882
-14.5008
-13.2326
30.3954
32.7643
-58.7999
-10.5117
-9.66957
4.71619
3.61008
-44.7275
-45.2878
-44.3289
-43.6153
-43.1201
-48.0617
-1.27222
-1.2728
-1.22622
-1.21479
-5.88352
-4.63927
-11.5062
-14.9054
-45.7337
-46.2061
15.1676
14.4992
-15.8665
4.84074
6.14749
-37.9204
-32.8219
-35.9511
-1.45353
-28.0377
-2.03918
-2.05109
-4.63369
-4.75953
-43.3345
-23.6782
-21.9939
20.7382
-11.395
-14.797
-25.1171
-22.6684
-7.88645
-71.4004
-64.5827
-55.9271
-20.0028
-22.4802
-28.3217
-28.8673
-2.55186
-2.02315
-9.26059
-9.31385
-10.5901
-8.39554
-4.67733
-6.76077
-4.49962
-1.68303
-1.78284
-0.721893
-0.473145
34.6216
33.1981
-32.1747
-32.52
-37.1743
-38.2574
-23.3487
-24.2495
-24.1902
-29.3641
-29.4102
-30.7341
-22.0053
-18.5353
-2.4878
-3.88968
-2.64126
-0.660788
-0.69699
-0.655338
-1.98029
-1.00071
-29.3708
-29.7257
-29.0576
-3.43858
-4.06055
-2.7104
-2.1249
-13.1025
-4.81674
33.3073
33.9441
-13.6729
-16.375
-0.864209
-1.28177
-0.318324
-18.8124
-18.068
-22.7605
-20.8009
-49.5905
-48.8934
-51.9253
-19.6718
-10.416
-11.3268
6.63806
5.91267
7.30768
-2.18462
-1.78859
-1.69701
-3.70279
-17.9614
25.7472
26.0357
25.927
10.6896
10.1897
-61.4238
-61.647
9.09503
6.68774
9.39524
12.5483
3.29949
-22.9064
-20.781
-18.2027
12.0152
-15.4638
-28.3717
-28.5229
6.41248
-28.27
9.50142
11.2937
-26.6996
15.3182
-28.8406
-28.7131
-26.4266
-28.8178
-28.9107
-29.1871
-16.8645
-18.5125
-19.8516
-16.0557
-28.354
-27.6548
-3.56993
13.2506
14.0664
-29.2704
3.34948
-28.61
-28.8382
-77.88
-8.78923
-11.3104
-28.9214
-28.8198
-28.996
-28.892
-24.4959
-17.4309
-16.5158
-13.4781
-17.7353
-29.2416
-28.8282
-32.639
-32.3287
-28.191
-76.9828
-28.741
-29.0198
-29.0174
-28.8935
-29.6122
-28.7076
-31.8929
-32.9041
-4.68917
-4.60558
-3.80407
-3.29219
-20.7815
-29.5197
-27.4836
7.96429
9.04636
9.00067
-143.672
-29.1409
-29.0081
-80.349
-26.5292
-27.1889
-26.7863
-25.6635
-28.0677
1.35977
-35.3377
-35.0233
-35.7424
-35.5485
-22.4135
-22.8602
-24.128
-21.8785
-41.1289
-42.6491
-46.1362
-42.5432
-26.8595
-26.4235
-28.2572
-27.7114
-26.4176
-28.3178
-28.1873
-27.0724
29.7551
29.9354
29.6939
30.0319
5.70017
-27.0743
-26.0125
-28.4434
-26.6474
-28.3197
-25.9199
-26.2912
-24.1105
-27.1478
-2.32818
-29.0623
-28.2406
16.4456
15.8362
-27.5448
-28.0407
-6.53839
-27.8749
-28.2223
-26.0591
-29.1538
-27.4469
-28.7806
-24.8845
-24.9542
-24.8229
-22.4596
-27.5347
-28.17
-28.2915
-28.9661
-29.2195
-28.9744
-28.9574
-28.1077
-24.6412
-28.9267
-26.0127
-25.9248
-25.5733
-17.3752
-19.2007
-4.20711
-28.5073
-26.3656
-26.6327
-28.6962
-27.689
8.59703
-26.1076
-24.6412
-25.571
-25.8748
-25.5433
-25.945
-24.6143
-25.8221
-26.093
-28.8486
-28.924
-27.566
-21.5753
-29.1505
-28.4821
-29.3417
-43.618
-26.9056
-28.724
-28.0062
-26.5555
-28.6221
-4.59765
-27.2275
-28.8185
-29.1753
-31.8471
-2.0667
-3.01267
-20.8583
-26.399
-29.0497
-29.0381
-27.1719
-26.1404
-28.3301
-28.7596
-23.3852
-23.6483
-25.3779
-24.9148
-26.5046
-25.7617
-25.884
-29.022
-16.0168
-25.1544
-24.9349
-28.1051
-23.2386
-24.5951
-23.4752
-25.5294
-28.9902
-28.6938
-29.2605
-27.4764
-22.9932
-26.5451
-23.4991
-23.9685
-20.1755
-26.6335
-29.1773
-29.2686
-14.6973
-28.3216
-24.8261
-26.4299
-13.5931
-16.0966
-29.1086
-23.1813
-24.6673
-24.6476
-26.2194
-28.4187
-28.231
-28.6781
-24.5192
-24.5922
-24.3243
-28.9952
-28.9813
-29
-28.9758
-28.1696
-28.3654
-28.5874
-28.5496
3.45303
2.99034
-28.2992
-28.9923
-29.0079
-30.1611
-26.7985
-26.683
-26.7902
-25.7726
-25.9122
-26.6169
-26.5001
-26.5082
-28.2778
-37.5185
-45.4726
-26.8939
-26.9109
-26.596
-25.8141
-28.7505
-29.1681
-22.7742
-23.9078
-26.6528
-27.4197
-27.7914
-27.4679
-27.3496
-31.32
-38.9454
-25.207
-26.6298
-26.77
-26.8292
-27.8346
-28.4808
-28.662
-26.5236
-26.1242
-26.8914
-27.7933
-25.6638
-21.9917
-29.2328
-26.5134
-23.2491
-25.8473
-28.966
-28.8064
-28.7036
-29.0035
-28.4433
-31.8007
-31.9581
-32.0209
-27.9639
-34.7079
-26.9778
-26.8669
-27.7966
-28.759
-28.0726
-27.6369
-0.255662
-0.647413
-27.6424
-27.6035
-27.2535
-28.4203
-28.5678
-8.27444
-10.2915
-28.391
-28.7194
-28.8502
-31.8436
-28.8582
-29.041
-29.3571
-19.6562
-22.3072
-26.8017
-27.1972
-27.615
-29.5084
-29.7573
-23.1966
-22.4231
-28.8168
-26.6007
-25.4674
-26.2619
-28.0859
-28.7152
-29.0348
-29.0964
-25.3887
-25.3112
-27.7111
-27.4818
-27.5967
-29.8537
-29.7969
-27.821
-29.388
-29.1255
-28.8454
-23.0507
-25.2388
-25.457
-28.8857
-28.607
-28.9808
-29.0599
-30.0858
-29.3659
-29.7203
-49.218
-47.4197
-28.6335
-28.375
-28.5572
-27.0023
-26.7703
-26.6325
-22.4161
-22.7501
-27.9775
-28.2367
-27.7244
-25.7653
-28.5514
-29.0621
-28.3258
-28.1071
-25.9978
-26.1164
-25.9957
-26.5
-13.5676
-13.6988
-28.814
-28.9018
-14.3237
-19.795
-21.188
-28.9506
-29.0122
-29.0562
-21.4382
-21.0769
-23.1361
-28.8011
-19.3642
-34.8622
-35.186
-35.1524
-22.474
-27.8953
-25.7465
-25.9641
-28.9014
-28.9865
-28.8141
-38.4308
-30.135
-28.6411
-25.908
-27.5438
-27.992
24.5289
24.2902
-28.4371
-27.1469
-27.1514
-29.7092
-29.6131
-29.4508
-26.9148
-30.0597
-29.7705
-26.7296
-28.8948
-28.9617
-28.8295
-28.7923
-27.1586
-27.9034
-23.5863
-24.5096
-21.4896
-30.6316
-31.1511
-26.3333
-2.76185
-28.8697
-28.4685
-27.6035
-22.6105
-27.6846
-28.629
-25.665
-12.135
-14.235
-25.4387
-25.4686
-25.7006
-14.6839
-16.6654
-13.6535
-9.9294
-12.2814
-36.0102
-106.114
-23.4399
3.30472
-28.9654
-29.0757
-29.0711
-33.3512
-35.751
-27.8087
-25.1415
-25.8792
-29.7172
-29.3254
-29.237
-29.1276
-28.9484
-30.2293
-30.0363
-23.5858
-24.2556
-15.9451
-27.2834
-29.0716
-29.0556
23.5115
25.6255
26.3241
-9.47484
-16.3445
-14.1235
-24.8916
-29.8608
-31.7913
-2.89488
-0.306966
-27.3854
-28.2101
-28.296
-28.5804
-37.8964
-29.7855
-29.672
-26.4278
-25.8165
-26.6983
-27.191
-16.6702
-28.7739
-17.0083
-17.6687
-12.7777
-13.8046
-27.9487
-32.2904
-31.7839
-28.6193
-4.82722
-4.2954
-5.66522
-28.279
-38.7981
-43.8954
-15.1073
-25.8869
-26.1781
-11.2927
-12.3083
-29.6071
-12.6305
-28.3096
-28.8085
-28.8309
-25.4724
-19.6918
-15.4588
-14.2076
-19.3182
-38.0547
-28.5856
-29.1086
-28.9292
-65.3261
-31.6169
-28.2806
-43.1089
-19.6711
-28.3763
-28.9761
-28.9771
-28.6029
-28.9052
-32.3903
-32.4613
-32.081
-32.6694
-29.2416
-28.2982
-29.0908
-16.7238
-15.3605
-13.6547
-22.1798
-21.2148
-75.4523
-71.0204
-26.9441
-27.2581
-29.0098
-26.7305
-26.7148
-21.345
19.3534
20.1355
-25.0045
-22.9648
-30.18
1.2649
0.0257783
2.89157
-25.1446
-24.6539
-25.6712
-25.4115
-25.6424
-23.3193
-19.0249
-26.5268
-26.6532
-53.3023
-13.0425
-20.3281
-22.208
-18.8092
-37.2412
-36.67
-40.6107
-40.7615
-30.4596
-30.3144
-81.2848
-81.503
-15.073
-7.95305
-9.64614
-15.9869
-28.8221
-25.2006
-3.56385
-5.49597
-5.11022
-30.0387
-30.1052
-30.0319
-14.2514
-27.9299
-30.2495
-29.9083
-22.5533
-31.1578
-30.4119
-32.0143
-24.7819
-17.6467
-19.5028
-31.5965
-31.6661
-19.1266
-15.929
-17.5145
-25.6325
-25.9874
-10.503
-13.0845
-12.1423
-27.1054
-21.2665
-6.60602
-5.96961
-29.0037
-28.3383
-29.04
-21.2111
-21.9257
-22.1548
-34.5293
-87.3278
-33.5825
-33.7541
38.371
29.265
31.2858
-20.9218
-29.4085
6.48399
-18.7549
-14.8069
-15.7999
-27.4534
-28.7089
-29.2407
-28.9889
-29.0576
-27.8652
-25.2724
-28.8278
-28.8396
-27.8427
-26.2812
-26.1095
-25.8876
-22.3107
-21.3228
-23.1416
-39.9149
-39.3744
-29.2249
-17.614
-20.0393
-20.0821
-35.3805
-34.994
-26.5153
-4.88711
-6.71086
-5.65501
9.25359
8.21882
-26.3282
-26.3532
-17.4274
-18.467
-26.3028
-20.0677
-21.2791
-16.471
-25.3758
-79.5833
-79.1262
-81.0971
-32.0419
-30.9798
-31.1999
-4.48666
-4.7713
-20.2998
-22.0578
-32.6888
-32.4503
-17.9628
-18.5382
-19.3933
-16.3668
-17.5217
-21.9678
-27.9862
-28.3682
-28.6207
-8.77133
-10.5067
-13.4532
-30.7257
-32.7775
-31.9432
-32.0692
-25.8235
-28.1049
-28.4166
-27.006
-29.5047
-29.6489
-28.9749
-29.34
-29.163
-29.1511
-28.9808
-18.2671
-15.9063
-37.7228
-37.869
-22.9541
-21.7537
-27.9497
-28.102
-57.5386
-50.0113
-27.4741
-28.6261
-14.2056
-11.6452
-25.5835
-27.541
-1.12092
-1.04724
-1.41963
-28.7836
-28.967
2.32854
4.71907
5.33669
5.08737
-17.39
-19.2709
-20.6201
-9.78792
-8.24213
-25.158
-25.8594
-25.7363
-25.5211
-25.6417
-25.9374
-29.2104
-23.189
-21.342
-21.7599
-4.78876
-5.96177
-4.71462
-15.1074
-26.9281
-26.2206
-26.2429
-29.7785
-26.2056
-29.4315
-29.3908
-29.3311
-30.1678
-30.7856
-28.5351
-25.2114
-32.999
-37.4953
-7.49495
-9.75812
-10.6331
-8.99673
-31.6105
-29.6789
-31.2159
-27.7564
-37.3504
-37.9245
-27.1842
-25.0438
-28.3817
-1.41012
-1.90889
-28.871
-28.8558
-25.6125
-26.117
-40.874
-38.7554
-37.6919
-29.8775
-29.2995
-12.3568
-13.4411
-26.038
-25.9957
-25.3918
-25.9845
-25.4688
-28.9772
-28.8944
-27.0284
-28.9031
-32.9853
-32.5378
-32.8083
-29.3638
-16.934
-21.9027
-34.1386
-27.7951
-27.782
-30.2433
-30.0498
-29.9233
-25.5216
-25.9933
-24.915
-29.8865
-29.8598
-29.7626
-15.0767
-16.469
-14.4412
-30.5242
-8.92973
-29.352
-29.3387
-56.5926
-54.4386
-48.3837
-48.4763
-14.5352
-16.2369
-0.946621
-0.761433
-1.13497
-1.41387
-0.331847
-28.1771
-29.7197
-29.1589
-28.5257
-27.5611
-19.2342
-20.8421
-20.2355
-28.4858
-28.5595
-28.8408
-28.8769
-31.7443
-31.1018
-52.7602
-66.9361
-29.3399
-28.8986
-18.3459
-20.7946
-21.0496
-20.3992
-19.6331
-23.2963
-23.4585
-25.2664
-29.5432
-29.476
-31.0954
-27.7809
-28.9873
-30.0295
-33.0228
-34.5989
-34.3399
-34.1208
-1.28215
-0.963253
-0.687717
38.7055
30.3051
32.785
33.3885
-27.5618
-59.5408
-74.7679
-64.5468
-28.4554
-79.6083
-76.8647
-75.6629
-76.6691
-16.6927
-18.3715
-42.9763
-43.4275
-42.5139
-19.8409
-18.9452
-18.061
-58.0756
-62.2648
-30.8913
-28.0099
-2.75862
-2.95404
-2.34744
-29.1015
-22.334
-14.8459
-37.0708
-38.3588
-38.6501
-36.5582
-13.8562
-28.8553
-28.5854
-27.8281
-27.8133
-34.6377
-34.1217
-32.6364
-27.0833
2.00009
2.1012
1.13004
-35.8666
-35.537
-25.158
-30.8168
-34.2884
-33.9801
-33.7566
-34.2168
-49.0101
-49.7504
-27.5284
-28.706
-30.3337
-30.8699
-26.6438
-26.728
-31.0842
-29.6599
-30.5926
-30.8538
-41.3818
-40.882
-6.12199
-6.22745
-27.5307
-36.0429
-36.2909
-35.1778
-29.0536
-29.0789
-29.1454
-26.3027
-28.6851
-28.0852
-28.2148
-30.1009
-30.0582
-30.2524
-27.1563
-25.2807
-25.339
-5.58449
-8.83994
-12.6142
-28.6779
-28.7389
-23.9417
-26.0186
-25.0343
-24.9364
-30.185
-30.3164
-30.5333
-30.4793
-33.7144
6.28812
5.98023
-14.5437
-17.45
-27.6818
-29.3626
-28.8231
4.11673
2.77304
2.33285
-29.2132
-29.2797
-29.0084
-29.2802
-35.4408
-35.218
-35.7491
-3.38981
-1.83649
-1.9929
-26.1968
-26.7561
-36.5478
-32.5206
-35.8345
-2.49706
-1.6253
-3.157
-2.0079
-1.4117
-1.43169
-13.0264
-13.7085
-12.6794
-26.7439
-26.6719
-12.7542
-13.6108
-15.5662
-30.8221
-30.5947
-31.0489
-31.0447
-31.9346
-32.0423
-31.8832
-28.1705
-28.1501
-48.7798
-49.4822
-55.6571
-55.572
-12.3285
-16.2984
-39.5958
-39.9393
-40.0228
-47.1192
-49.1827
-43.0001
-41.4387
-39.9039
33.6684
34.2637
33.8565
-28.675
-28.8449
-28.7587
-28.4521
-32.7997
-30.7678
-30.0956
-32.0715
-46.0403
-45.3177
-46.5391
-25.9227
-29.3964
-29.5439
26.5309
25.3028
27.2191
27.1375
30.2414
31.3984
-7.4236
-8.47666
20.6293
21.3559
-21.1319
-19.5154
-28.6553
-28.7223
-28.8227
-22.7224
-18.8774
-18.1409
-26.9801
-28.8945
-7.13817
-4.93171
-17.8983
-18.5989
29.7162
30.0212
-27.2807
-27.1177
-26.3994
-26.5003
-28.3594
-26.1767
-26.3965
-27.7157
-27.599
-27.5992
-23.2125
-24.0444
-26.3295
-26.5408
-27.4908
-25.6684
-27.9693
-28.0561
-23.6305
-24.3898
-26.2369
-26.4463
-25.7397
-25.6146
-24.3567
-25.131
-21.4004
-23.2855
-24.9714
-25.4276
-24.723
-25.3088
-19.7431
-26.8468
-26.3981
-23.3186
-21.8054
-8.19883
-7.30348
-28.1743
-28.7909
-28.987
-28.9535
-28.0935
-28.355
-27.4117
-27.3329
-28.8651
-28.8042
-26.5115
-26.4366
-26.6549
-23.8663
-25.1361
-27.9541
-27.9362
-28.6071
-28.715
-28.9911
-28.9368
-28.9737
-26.3552
-26.3798
-27.4821
-26.1355
-26.1498
-28.8865
-29.0781
-28.9577
-29.0231
-28.7887
-28.8597
-29.0194
-29.2382
-29.3392
-34.555
-34.9531
-25.8885
-25.4087
-24.6983
-25.1822
-27.4953
-27.8996
-27.8299
-26.4035
-26.3982
-25.5215
-27.9511
-27.9573
-27.3119
-27.2518
-28.2903
-28.1969
-28.3288
-28.3249
-28.4969
-28.6325
-25.0906
-24.1646
-26.6529
-26.5682
-28.7718
-28.7775
-25.6946
-25.9815
-26.9793
-27.4568
-27.6916
-32.7321
-33.8002
-26.7147
-26.6302
-27.4652
-27.6505
-28.9107
-26.9138
-26.3997
-9.2652
-10.2843
-24.3363
-23.7242
-27.4416
-26.8861
-27.7121
-27.4617
-27.0842
-26.0574
-25.6783
-23.0789
-21.6925
-27.8073
-26.9658
-27.3615
-29.1656
-29.8939
-23.7288
-24.6818
-28.4374
-28.6343
-26.004
-25.7598
-29.2531
-35.8723
-8.03958
-9.64765
-28.6826
-26.0064
-24.4635
-25.3855
-28.9021
-29.3613
-28.7499
-28.7877
-26.2522
-26.1801
-26.043
-28.7751
-9.99719
-11.224
-26.4736
-26.8358
-23.1304
-26.4079
-26.4688
-24.8636
-26.0111
-27.2632
-26.9456
12.4529
11.7808
-26.1151
-22.1539
-22.8858
15.7249
14.2163
-24.2033
-26.5331
-21.9855
-22.0079
-26.9093
-28.7839
-28.9389
-28.9987
-25.8506
-25.5897
-25.7835
-25.5266
-24.8072
-24.8648
-28.9596
-29.0502
-27.4159
-28.8572
-28.8274
-26.1491
-29.2057
-29.1522
-27.8941
-27.9899
-28.0906
-28.2088
-28.1783
-26.6782
4.34475
3.26498
-28.8018
-28.8284
-28.0188
-28.0615
-28.6987
-28.7891
-26.3624
-26.3764
-29.086
-29.0523
-26.7353
-26.783
-28.8571
-28.8435
-25.9285
-25.8259
-25.6354
-25.1239
-25.0506
-28.8117
-28.6113
-28.7565
-25.9632
-29.1192
-29.2238
-29.0465
-29.0468
-27.341
-28.8211
-27.9328
-27.8517
-27.8909
-27.8027
-28.3686
-28.3302
6.79376
6.02999
-28.7401
-27.9936
-27.9736
-28.4665
-26.6927
-26.3925
-26.7976
-26.1934
-26.7309
-28.5557
-32.3301
-32.2028
-28.7844
-26.2467
-26.2006
-28.6806
-28.9077
-29.1617
-26.1268
-26.3037
-27.5922
-27.6185
-27.5842
-27.6292
-26.3577
-26.2934
-26.4542
-26.6835
-26.6196
-26.4135
-26.624
-27.0269
-29.0262
-28.9772
-25.0373
-24.5199
-25.2297
-27.0437
-29.0705
-28.9082
-27.9964
-27.9372
-28.0194
-27.9607
-28.2649
-28.1357
-27.6229
-28.1807
-28.237
-33.2361
-25.0096
-26.4268
-26.6108
-28.7567
-28.7281
-28.3695
-28.1616
-27.3658
-28.2652
-28.1537
-26.4717
-25.4698
-25.506
-23.2025
-28.3386
-26.496
-26.6837
-27.8283
-27.6528
-28.7375
-28.9153
-26.1008
-26.342
-28.1821
-28.2382
-29.0002
-28.9986
-27.8626
-26.5443
-26.9732
-27.769
-28.2219
-28.0647
-28.1563
-27.7133
-27.9602
-28.7453
-28.9889
-29.0649
-28.7105
-28.6142
-28.947
-26.5627
-28.1594
-28.0576
-26.6176
-26.8467
-25.4734
-25.248
-25.5246
-25.8592
-20.9634
-19.2042
-15.9872
-15.8353
-28.7837
-28.752
-27.1026
-27.0588
-29.0676
-29.0981
-25.6197
-26.0368
-25.5994
-25.3706
-24.1653
-24.2122
-28.3011
-28.4247
-26.3421
-26.1588
-28.3894
-28.5859
-27.4399
-27.5519
-28.9686
-28.909
-25.8025
-26.0823
-28.9542
-28.9044
-28.9967
-26.7418
-26.5818
-25.5287
-25.3725
-28.3676
-27.9748
-28.0566
-48.0969
-54.9903
-26.8705
-28.2549
-28.8887
-28.9687
-27.4153
-27.6195
-28.9236
-29.0674
-26.1369
-18.2686
-17.3561
-25.7825
-26.436
-25.7036
-25.6399
-27.7422
-25.0484
-25.2405
-28.6114
-28.598
-28.7089
-28.2978
-6.87102
-6.21706
-26.3821
-26.7093
-26.8933
-27.2004
-26.4784
-26.5142
-28.8096
-28.8278
-12.1599
-12.3207
-26.6686
-26.7682
-26.6834
-26.703
-6.84442
-7.59155
-26.5448
-26.177
-26.9165
-26.9362
-33.4257
-31.9612
-27.5658
-27.3775
-27.9787
-28.3945
-27.6688
-27.5054
-28.7454
-28.8039
-28.95
-28.8706
-19.6758
-21.1527
-28.7894
-28.8648
-26.5153
-26.1721
9.19131
-26.7418
10.0859
-26.6331
-26.9558
-26.2372
-25.6159
14.1684
-27.1417
-27.1608
-26.6854
-26.2078
-26.0247
-26.1375
13.6698
17.547
17.335
-5.94829
-6.68742
-27.3227
-28.3399
-26.3686
-26.4443
-28.6891
-28.4915
-28.5109
-23.1363
-24.5687
-24.3182
-26.5202
-28.7758
-24.5706
-14.8546
-16.0543
-26.3764
-26.6146
-28.6642
-28.362
-28.2279
27.797
25.2188
19.1622
19.1657
-15.0195
-5.17308
-4.25276
-25.2102
-27.4773
-28.8195
-28.6709
-28.7692
-28.8994
-28.7431
-28.9464
-26.4517
-26.4892
-28.4652
-21.0635
-25.8628
-27.3857
-28.691
-28.5264
-28.5137
-25.3048
-25.7013
-26.6861
-24.6927
-23.9718
-8.72983
-10.1479
-11.2229
-29.1944
-29.0735
-29.0756
-29.1728
-28.8774
-27.5457
-29.1451
-28.3386
-28.1449
-27.4953
-27.2359
-28.8392
-29.158
-29.0373
-29.105
-28.432
-28.3878
-28.8613
-28.6828
-29.0728
-29.0144
-28.9039
-19.3393
-17.838
-21.419
-28.4797
-28.2633
-31.2761
-15.3093
-20.8841
-28.7419
-28.7075
-28.548
-28.6822
-28.8133
-28.7753
-29.5614
-29.2747
-28.92
-29.0328
-28.9108
-29.3248
-30.2645
-33.6184
-25.5655
-25.9065
-26.6685
-29.1187
-29.3146
-29.0552
-29.1546
-28.2401
-27.8338
-27.807
-27.8667
-27.5393
-24.2636
-24.6569
-25.0372
-29.2236
-29.0318
-29.1314
-29.0245
-29.1802
-29.0011
-28.6083
-28.6063
-27.2424
-34.1258
-9.12631
-27.6802
-24.5759
-24.8378
-25.4999
-28.5886
-28.853
-26.2173
-29.0292
-23.2256
-29.2168
-28.9816
-27.1424
-26.8118
-26.9075
-26.9617
-29.2558
-28.9741
-29.2816
-29.0802
-29.1352
-29.2798
-28.9862
-29.0253
-29.0836
-28.3536
-25.2112
-25.3369
-26.6612
-26.4889
-26.3778
-26.3287
13.5215
14.533
-26.6235
-28.8167
-29.0363
-28.5536
-28.6128
-28.6524
-28.8406
-28.786
-28.8466
-25.0614
-24.7977
-24.9832
-24.8295
-47.6381
-25.4039
-29.059
-29.0157
-29.107
-28.9388
-28.8966
-29.0226
-29.3126
-29.072
-28.4467
-28.2257
-28.1832
-26.7474
6.54861
6.7322
-29.1156
-29.1656
-29.0201
-29.1077
-29.1613
-25.7981
-25.5045
-25.5904
-25.6361
-28.9107
-28.6983
-29.0382
-29.0762
-29.1056
-28.7774
-29.0442
-29.0559
-28.9005
-28.4733
-26.1407
-25.9672
-27.686
-27.3478
-27.1929
-27.2423
-26.7285
-29.0382
-28.7931
-28.8071
-87.3617
-38.1476
-17.3528
-21.9578
-27.8238
-27.8394
-24.9963
-59.0392
-25.1536
-25.245
-25.4865
-25.8424
-28.9963
-24.9387
-24.9092
-24.8365
-24.7285
-25.0376
-24.8647
-28.275
-28.9994
-28.9276
-29.274
-25.2888
-28.1821
-28.1993
-27.3988
-27.5689
-28.7582
-28.867
-29.0547
-28.9806
-29.0398
-29.0121
-24.8886
-24.9598
-24.9659
-28.9239
-28.5472
-29.1017
-28.7906
-28.604
-28.6338
-28.7169
-28.8614
-28.95
-24.5956
-24.633
-24.7759
-24.7873
-24.1968
-25.944
-28.9713
-28.9579
-29.1358
-26.3642
-25.414
-28.087
-27.7908
-28.6772
-28.4738
-28.5385
-28.57
-28.7343
-28.7746
-28.2888
-28.3568
-28.4249
-24.9698
-24.9807
-19.0694
-23.6539
-24.5971
-24.776
-25.4913
-25.3751
-28.1979
-28.8067
-28.813
-26.9491
-26.8847
-26.9636
-26.9575
-28.1407
-28.0935
-28.9955
-28.9319
-28.3309
-29.0352
-29.0389
-28.7672
-25.8634
-25.8833
-27.0676
-27.0509
-25.8283
-26.0462
-28.3275
-28.1139
-27.745
-27.7998
-28.0735
-28.2235
-29.0949
-26.3802
-26.2297
-29.1605
-29.1775
-28.6096
-26.0412
-26.2317
-28.5991
-28.7717
-28.777
-28.8366
-28.5543
-28.6369
-28.9018
-29.0829
-24.951
-24.7821
-24.0907
-23.6308
-28.2845
-28.383
-28.4049
-28.9667
-28.7425
-28.9181
-28.9922
-27.6256
-27.6916
-25.2784
-25.227
-26.3541
-26.539
-27.4461
-27.7027
-26.5079
-26.6622
-26.1208
-26.1407
-28.8447
-28.9974
-28.7248
-28.8455
-28.4631
-27.9845
-28.0086
-28.4233
-28.1035
-26.2138
-26.5256
-25.7348
-25.6424
-26.2806
-26.0207
-10.8235
-13.9462
-28.6432
-28.7773
-23.5739
-28.3444
-25.2375
-24.2663
-24.252
-23.0537
-21.4408
-22.5537
-27.0159
-26.9231
-28.6583
-28.539
-26.2303
-25.9183
-26.2905
-26.4325
-27.6667
-27.1289
-27.0569
-24.6565
-25.2913
-29.007
-31.9621
-25.5826
-25.5587
-27.2445
-28.3728
-28.3078
-26.7525
-26.4663
-23.8128
-24.6352
-26.5171
-26.6686
-16.8341
-18.7538
-26.6804
-26.4041
-26.3564
-26.0626
-28.3281
-28.4517
-29.063
-29.2717
-28.7571
-28.7948
-26.8255
-26.7889
-20.744
-21.8478
-28.8724
-28.9975
-28.9705
-28.9946
-26.8182
-26.8131
-26.9035
-25.6665
-25.7176
-28.6355
-28.6634
-27.4647
-25.4538
-25.3733
-26.4132
-28.1652
-27.1781
-3.8651
-4.22869
-25.4696
-25.6397
-26.958
-26.6602
-28.2588
-28.7836
-28.5523
-28.7623
-28.7418
-28.6699
-28.5932
-24.7937
-24.9103
-28.5451
-27.7482
-27.7464
-27.0931
-27.1752
-28.4327
-28.9189
-25.0783
-25.0776
-27.5629
-29.0492
-29.0663
-28.2384
-28.3432
-27.9856
-28.098
-25.8767
-25.9505
-28.5244
-18.6182
-16.7593
-24.2896
-23.3087
-28.6061
-29.1552
-28.9423
-28.8971
-28.721
-28.9328
-26.29
-25.6043
-25.5544
-17.7295
-16.898
-28.8426
-28.9312
-26.8195
-28.9675
-28.8701
-26.4967
-26.576
-28.1349
-28.1068
-29.0024
-28.9824
-29.0718
-29.0419
-28.9953
-29.0319
-25.9797
-26.1689
-27.7617
-28.1628
-26.1419
-26.0553
-29.031
-28.9858
-28.1416
-28.6044
-28.6093
-29.0004
-29.0056
-28.6771
-28.3015
-28.3444
-28.2854
-28.4105
-28.5527
-28.7291
-28.926
-28.8955
-26.6625
-26.587
24.0696
21.7022
2.19132
2.21469
-28.4469
-28.6284
-28.6687
-29.0953
-28.9698
-26.2262
-25.9543
-26.628
-26.5315
-27.3137
-27.4509
-28.8885
-28.5521
-28.4908
-28.7334
-26.2826
-25.4114
-28.1313
-28.0003
-27.6868
-26.5436
-29.2339
-29.2409
-26.0191
-25.9479
-28.4936
-27.9894
-28.0654
-28.257
-28.2881
-25.8677
-25.8468
-28.1903
-28.3668
-28.9541
-28.9892
-25.5596
-25.3807
-28.867
-25.9096
-25.6695
-25.222
-25.0309
-25.9982
-25.7207
-25.2013
-24.8891
-28.3074
-27.6087
-26.3048
-26.2918
-29.4369
-29.1548
-29.6027
-29.4632
-28.6168
-29.172
-29.3284
-27.5143
-27.7125
-28.3422
-28.3535
-27.4931
-27.4856
-28.6174
-29.0352
-26.1966
-26.7562
-26.4407
-26.3015
-26.2919
-26.3724
-28.5992
-28.6327
-26.1573
-21.9863
-20.3228
-27.4103
-27.0176
-28.432
-28.5925
-28.5662
-28.6795
-27.1251
-27.3566
-28.3874
-28.3197
-28.6879
-28.4265
-26.2338
-26.0878
-28.2264
-28.3121
-28.6128
-28.5681
-26.6769
-26.5984
-27.5346
-26.6132
-26.8663
-26.5785
-26.5643
-26.0844
-25.8841
-27.9624
-28.2846
-28.4162
-28.4043
-26.5879
-28.8032
-28.8538
-28.1754
-28.2577
-28.3803
-28.5124
-28.9445
-28.9679
-28.9009
-28.8869
-27.5696
-27.3873
-28.7917
-28.7296
-28.9579
-28.9793
-28.9542
-28.9873
-28.1595
-28.1902
-27.6364
-27.6795
-28.8916
-28.9144
-28.8541
-26.5855
-26.7146
-26.5595
-25.2504
-25.2496
-26.6962
-26.6404
-28.9981
-29.0503
-29.068
-29.165
-29.2355
-29.1782
-26.5763
-26.7041
-28.7303
-28.7281
-28.8321
-27.8275
-22.4424
-23.4805
-28.2025
-28.2039
-25.8284
-25.5996
-26.8091
-26.6203
-28.7242
-28.7292
-25.7469
-26.9167
-26.4874
-26.5917
-28.7945
-28.5452
-28.3405
-28.2436
-29.0786
-29.0374
-26.4773
-28.989
-29.0448
-28.2788
-28.38
-28.6719
-28.8163
-28.6353
-28.6531
-28.9075
-28.9072
-26.6349
-26.8704
-28.0396
-28.2099
-26.6296
-29.0596
-28.8302
-28.5207
-28.5226
-28.3985
-28.4645
-28.9343
-28.9343
-23.0654
-22.0757
-28.7301
-28.8412
-28.3318
-28.4672
-25.0368
5.77248
6.48483
-28.5305
-27.3872
-27.2866
-26.0439
-26.3429
-25.833
-25.7379
-26.5018
-28.5762
-28.6092
-27.359
-27.5021
-27.6576
-27.6382
-27.596
-28.5552
-28.2973
-28.2407
-28.3649
-26.0997
-26.0935
-29.0129
-29.0537
-27.9854
-28.0101
-29.4231
-29.1581
-26.97
-26.5071
-29.1116
-29.1276
-25.8436
-29.3372
-29.2124
-28.8516
-28.9274
-25.4755
-25.2404
-26.618
-26.3312
-24.8814
-24.8164
-28.9644
-28.954
-26.469
-26.4983
-27.6814
-27.643
-28.8165
-28.958
-26.2405
-26.4814
-28.6091
-28.5931
-28.5101
-28.5954
-28.8244
-28.8941
-28.8297
-28.8502
-28.8468
-28.9575
-28.635
-28.581
-27.853
-28.0114
-28.7239
-28.7126
-27.8947
-27.7988
-25.6388
-25.7435
-28.4815
-28.5002
-27.2916
-27.3131
-26.367
-26.5285
-26.5778
-26.4224
-26.2455
-26.1585
-28.6066
-28.6695
-27.7842
-27.7502
-25.6719
-25.5681
-28.669
-28.6222
-26.52
-26.6569
-28.8438
-28.7721
-29.0673
-28.9689
-27.0294
-27.0758
-29.1901
-29.1474
-29.2238
-26.674
-26.972
-26.3874
-28.7244
-28.856
-28.6221
-28.613
-28.6915
-28.8236
-28.8267
-28.9077
-29.1009
-29.1168
-26.5886
-26.6504
-26.1682
-26.6851
-27.3542
-28.3987
-28.4282
-28.6462
-28.7057
-28.9261
-28.9872
29.6591
29.6609
-25.8341
-25.5233
-28.6504
-28.6708
-28.7778
-28.9212
-28.9501
-29.0104
-28.7777
-28.8813
-28.2602
-28.2901
-27.4729
-27.4062
-28.6818
-28.4278
-28.7609
-28.7443
-28.7317
-28.7603
-27.0052
-27.7876
-27.8253
-25.9753
-26.2863
-28.5595
-28.4052
-26.751
-24.296
-28.4198
-28.3258
-26.2002
-26.6082
-26.5581
-25.8039
-28.7096
-28.5153
-27.6462
-29.4401
-29.2617
-27.1107
-27.1758
-27.6776
-27.5662
-23.9457
-24.3591
-26.682
-26.7461
-24.5467
-25.3095
-26.6544
-26.5423
-26.6023
-26.5188
-26.6985
-26.6235
-26.9529
-26.7791
-26.9974
-27.0361
-29.0473
-28.9553
-28.5597
-22.2678
-19.0584
-26.6899
-28.1943
-28.9148
-29.3168
-28.9666
-26.2724
-25.8
-28.4754
-34.5628
-34.2409
-34.4744
-34.4606
-4.05401
-0.800659
0.26513
0.758839
-101.529
-71.2913
-77.885
-23.4717
-26.9963
-25.7202
-29.0751
-30.6762
-30.4512
-30.6244
-30.062
-32.4367
-32.9272
-32.5496
-32.871
-56.6259
-59.9597
-56.9454
-53.0044
-26.0114
-27.1085
-26.8203
-25.7423
-19.2906
-18.8722
-25.6844
-20.0706
-29.2483
-28.9322
-28.9076
-28.2659
-28.2845
-28.1534
-27.6247
-42.6126
-27.0965
-26.4829
-26.3144
-26.1739
-26.2077
-104.877
-67.4448
-26.2349
-26.2601
-28.3449
-28.4344
)
;

boundaryField
{
    frontAndBack
    {
        type            empty;
    }
    outlet
    {
        type            freestreamPressure;
        value           nonuniform List<scalar> 7(-2.21341 -24.4101 -16.0414 4.78243 6.06155 7.17498 4.05943);
    }
    walls
    {
        type            zeroGradient;
    }
    inlet
    {
        type            freestreamPressure;
        value           nonuniform List<scalar> 7(-1.19258 0.190784 0.240883 -0.313408 11.3768 11.2835 0.107136);
    }
    airfoil
    {
        type            zeroGradient;
    }
}


// ************************************************************************* //
