/*--------------------------------*- C++ -*----------------------------------*\
| =========                 |                                                 |
| \\      /  F ield         | OpenFOAM: The Open Source CFD Toolbox           |
|  \\    /   O peration     | Version:  4.1                                   |
|   \\  /    A nd           | Web:      www.OpenFOAM.org                      |
|    \\/     M anipulation  |                                                 |
\*---------------------------------------------------------------------------*/
FoamFile
{
    version     2.0;
    format      ascii;
    class       surfaceScalarField;
    location    "1590";
    object      phi;
}
// * * * * * * * * * * * * * * * * * * * * * * * * * * * * * * * * * * * * * //

dimensions      [0 3 -1 0 0 0 0];

internalField   nonuniform List<scalar> 
8143
(
2.02082
-2.77306
0.752237
2.02082
0.160631
-3.00909
2.91492
-0.894099
1.85631
-1.85631
3.00695
-0.391503
-0.125602
2.72391
-1.17808
-1.89747
1.17808
1.73684
-0.84552
-2.10503
0.84552
1.01079
-1.09424
1.35845
0.722812
-2.08126
1.441
-1.441
2.24658
-0.0657902
-2.18079
1.91212
-1.91212
-0.123436
-2.27419
2.39762
-1.41652
1.41652
1.30829
-1.30829
1.62289
-1.62289
1.43012
-1.43012
-1.34978
1.34978
2.8474
-1.35354
-1.49385
1.51289
-0.0718913
2.12739
0.119192
0.870826
1.70019
-2.44402
-0.0264824
2.4705
-1.55839
1.55839
1.66157
1.18582
1.78213
0.496512
-2.27864
-1.94574
1.94574
0.782102
0.820881
-1.60298
2.55388
-0.641766
-0.752497
2.06079
1.21522
-1.98102
0.765797
2.26201
-0.639121
-1.7068
-0.117788
1.82458
-1.77955
1.77955
-0.552716
-1.8913
1.27824
1.29328
-1.72768
1.72768
-3.38619
1.65851
-2.17137
-1.21482
-1.90606
1.90606
-1.12619
1.57763
-0.45144
1.95272
-1.95272
1.51109
0.222148
-1.73324
1.31147
0.199619
2.17487
1.21632
-1.21632
1.55674
-1.68018
-2.8965
1.15017
-1.15017
1.44363
-1.50942
2.5938
-2.65959
-2.02656
-0.621471
-1.14916
-0.8774
1.35363
1.65332
-2.17137
-0.515614
1.51289
0.43983
1.39384
-1.83367
0.0396708
1.8218
-2.00972
2.00972
-2.0362
2.22445
1.67174
0.395323
0.221158
-2.27418
2.27418
-2.54421
0.372837
0.208612
2.54421
0.737485
-1.71571
2.86488
-2.0362
0.23798
0.0690477
0.068869
-0.137917
-1.00855
0.981823
0.0267295
-0.0827407
-2.09805
-1.0984
1.01566
1.46576
-1.1208
-0.344958
1.45193
-0.0934853
-0.146209
1.31078
-1.16458
-1.1499
0.784166
0.365732
-2.26333
-0.0108544
-0.86692
-0.422934
1.28985
-0.0533015
0.00853248
0.044769
-0.00449626
0.00449626
0.512667
0.886393
-1.39906
-0.00800967
-1.00054
-0.874929
0.0525381
-0.0372462
-0.0152918
0.0682787
1.4072
-1.47548
-0.0496815
-0.0182075
0.067889
0.00285242
-0.00285242
-1.73766
1.02977
0.707892
-0.917917
-0.504789
1.42271
-1.51345
-0.584602
-0.857622
-0.655827
0.0949956
1.37076
-0.0395791
0.0479197
-0.00834063
-1.73214
-0.00552795
0.808703
-0.270227
-0.538476
-0.367071
1.39684
1.2945
0.478926
-1.43053
-0.832808
-0.324474
-1.10605
-1.25574
-1.06309
-0.332516
1.39561
-0.052882
-0.00041954
-0.264596
-0.885302
-1.39078
-0.881013
-0.234667
1.11568
-1.49916
1.38137
0.278067
-1.07124
0.793178
-1.24027
1.51833
0.0632627
-1.48877
1.42551
-1.36899
0.329149
1.03984
-1.80214
-0.158829
1.96097
-1.59583
0.28378
1.31205
-0.844635
0.698426
-0.607297
0.67056
0.155846
1.13401
1.13767
1.12315
2.04241
-0.295036
-1.74737
0.577738
-1.81801
1.09413
-0.581465
-1.18791
0.312985
0.191558
-1.28566
1.0941
0.877421
0.268267
-1.14569
0.760998
0.116423
-1.12472
1.39299
-1.39265
0.396592
0.996053
1.75173
-1.02892
0.262961
1.44158
-0.932565
0.959131
-0.0265658
-1.22142
1.42104
-1.20675
-1.10053
-1.56934
-0.553999
0.577077
0.862141
-1.43922
-1.20175
1.53596
-0.33421
-1.65325
-0.428009
-0.0184859
1.54881
-1.53032
0.31932
-2.23144
-1.48282
-0.221719
-1.1133
-1.78319
1.43778
0.433415
-1.87119
0.396681
0.412022
0.165463
1.29866
-1.46412
-1.5593
-0.173936
-1.22354
-1.08706
-2.46915
1.24561
-0.254718
1.03888
-1.32291
0.216858
1.27735
-0.0915294
-0.0755986
-1.56698
1.64258
0.0357612
-0.0854427
0.00386614
0.103472
-0.107338
-1.76031
-0.0733596
0.7844
-1.23584
1.08679
-0.878181
-2.11402
1.02821
-0.959927
1.08581
-0.864657
0.00465717
-1.15035
0.658315
-0.380662
-0.277653
0.662972
1.38291
1.50213
-1.50213
0.296591
-0.677253
-0.853755
-0.0178523
1.40076
0.171568
1.02632
-1.37128
-0.698888
-0.399513
1.56788
-0.859986
-2.03185
2.03185
1.26668
1.12376
1.90586
-1.50035
1.16783
-0.379033
1.40535
-1.23902
0.953716
2.16894
1.75592
-0.935039
-0.867531
-0.531529
0.888389
-1.20216
-0.287442
1.4896
0.645494
-1.84765
-0.078118
-1.41644
2.06194
-1.40328
-1.3192
0.0164182
1.24093
-0.0941137
0.922242
0.473364
-3.08568
-1.64154
0.783922
1.13491
0.927025
-0.776856
-0.0161517
0.793008
-1.24455
-2.61583
-1.21986
-0.388073
1.66631
2.33583
-2.70867
1.99999
-0.492283
-1.50771
-0.469153
-1.76348
1.90534
2.65758
-0.436482
-0.956163
-0.00733156
0.0150786
-0.007747
0.0105212
-0.0178527
-0.00295596
0.0134771
0.0278049
0.180444
-0.208249
0.293905
-0.63512
0.341215
0.0410769
-0.0414561
0.000379194
0.650956
-0.254275
-0.0285418
-0.0486565
0.0771983
-0.0447
0.0264926
0.00783803
0.0623897
-0.0358972
0.00546529
0.00944728
-0.0149126
0.0147321
-0.00248231
-0.0122498
-0.565898
-0.0408832
0.606781
0.0233106
-0.0195203
-0.00379029
-0.915499
0.65736
0.258138
-0.527419
0.92401
0.027341
0.0137359
0.0358734
-0.00368921
0.00368921
-0.00427348
0.000584262
0.00213829
0.0219096
-0.0240479
0.0226251
-0.0204868
-0.802376
0.567709
-0.015399
-0.0260571
-0.0118873
0.00211467
0.00977262
-0.359883
1.24674
-0.886852
-0.0225915
0.0235722
-0.000980712
0.449209
-0.867652
0.418443
-0.0485442
0.0741744
-0.0256301
-0.0151833
0.0185764
-0.00339315
-0.0261764
0.0109931
0.0189909
-0.000414496
0.000481656
-0.0302849
0.0298032
-0.00975299
0.0122396
-0.00248664
-0.0135576
0.0139368
-0.0232873
0.00877437
0.0145129
-0.000662206
-0.0119342
0.0207085
0.044338
-0.610236
0.0283567
0.034033
-1.26108
0.345582
-0.0127824
0.00934751
0.00343493
-0.0194398
0.00665735
0.465599
0.119565
-0.585164
0.384716
0.080883
0.782537
0.353472
-0.0326228
-0.320849
0.0358821
-0.000137857
-0.0357442
0.0169999
-0.0323989
-0.0325368
-1.20576
0.699637
0.50612
-0.283515
-0.499362
-0.119226
0.618589
-0.773218
0.746652
-0.00463508
-0.00765195
0.012287
-0.637223
0.828781
-0.78537
0.290184
0.495186
0.00873991
0.0329518
-0.0416917
-0.0306495
-0.000414984
0.0310645
0.568621
-0.169903
-0.398719
-0.138172
0.706793
1.51794
-0.655803
0.446699
-0.0362025
-0.00337661
-0.530253
0.519157
0.0110959
-0.637
0.753424
-0.0207124
0.00119204
0.00619944
0.024865
-0.0170997
-0.0181407
0.0352404
-0.0302408
0.0131411
0.0118065
-0.0299472
-0.0317935
0.100841
-0.0624586
0.0672754
-0.00481681
-0.0942521
1.15604
-0.1162
0.289254
0.866784
-0.147889
-1.31623
-1.00164
-0.0220162
0.0117957
0.0102205
-0.0132242
0.0244067
-0.0111826
-0.00145399
-0.0211375
2.3328
-0.632617
-0.802479
-1.81335
0.778071
-1.31547
0.5374
0.79449
0.726442
-0.432537
0.589029
-0.683143
1.0247
-0.421314
-0.603391
1.69121
-0.666501
1.25843
-0.492632
0.589221
-1.0257
-0.623502
-0.662156
-0.641354
-0.00741902
0.00446306
0.00731307
-0.00742422
0.000763013
0.0182279
-0.0126467
0.00121186
0.0114348
-0.0118837
-0.0448334
0.00758722
-0.00557558
0.00557558
-0.634773
0.27489
1.41937
-0.126091
0.487458
0.197043
-0.834266
-0.630252
0.525886
0.104366
-0.433209
0.0499325
0.778848
0.575819
0.452777
0.84503
-0.961231
0.574804
0.864057
-0.741032
-0.333953
1.12273
-0.788773
-1.04617
0.712219
0.145537
-0.108706
0.112572
-0.0136048
0.553006
-0.539401
0.335974
-1.29214
-0.395055
0.731029
-0.498959
0.26346
0.0658016
-0.329262
-0.119479
0.382939
-0.822182
0.820425
0.42631
0.332992
0.444525
-0.777517
2.28062
-0.778491
-0.0197944
1.06145
-0.434024
-0.627422
-0.687558
0.373888
0.063213
-0.917745
0.854532
-0.790461
-0.727248
-0.045253
0.0170772
-0.0623302
-0.00164385
-1.09766
0.7026
-0.560676
-0.536979
-1.05963
0.09379
0.54696
-0.64075
0.688571
-0.594781
1.04813
-0.789988
0.357551
0.690576
0.284946
-2.31679
2.02986
-1.74491
-0.012783
0.0906891
0.958856
-0.14972
-0.809136
-0.0386771
-1.32697
-0.627331
-0.587255
-0.0475175
-0.00649709
0.0607783
0.370784
0.816483
-1.18727
-0.982696
0.401231
0.816759
-0.279359
-0.0908127
0.725946
0.476668
-1.11464
0.637975
1.22205
-0.0398367
0.092809
0.0511757
-0.143985
-0.0451077
0.00433841
-0.0162221
-0.0557232
0.0169001
-0.412713
-0.182068
-0.067411
0.864105
1.8989
-1.0348
1.03796
-0.306927
0.510537
-0.73637
1.55285
0.780079
-0.33087
0.192823
-0.00306749
0.00306748
-0.00306749
-0.113157
-1.07411
1.02176
-0.754961
-1.28349
0.546423
-0.208737
-0.337686
-1.24307
0.619791
1.54682
1.35014
-2.12863
-0.227093
-0.418854
0.645948
0.319329
-0.0197522
-0.72128
0.377009
1.24379
1.22404
-0.0851016
1.9069
1.31566
-0.0392738
-0.0314357
-0.0426183
-0.960292
1.0178
-0.163264
0.395673
0.104789
-1.05346
0.0155602
1.93944
-0.349286
0.706837
-0.0287309
0.0272769
-0.0261127
-0.00261827
0.0109137
-0.0370264
0.80966
0.600923
-1.00087
0.114018
-0.808047
0.613521
-0.944391
-0.194525
0.0184639
-0.0200644
-0.0278114
-1.8322
-0.285387
-0.00563265
-0.0243146
-0.708611
-0.406032
1.55284
-0.242059
0.591613
0.0294772
1.38959
0.766902
1.24027
-0.612936
-0.209378
0.498936
-0.708315
-0.33533
-0.0265781
0.000845194
0.0257329
-0.0140159
0.011737
0.00227893
0.371018
-0.0175461
-0.414682
0.614775
-0.200093
-0.164049
-0.300608
0.464657
-0.0130997
0.0130997
-0.153834
0.0249562
0.128878
-0.0118707
0.0149893
-0.00311865
0.00562691
-0.0213419
0.015715
0.251533
-0.115043
-0.13649
0.148033
-0.312081
0.0320592
0.00762973
-0.039689
0.0172023
0.0148569
0.0264449
-0.0188151
0.00727568
0.00937373
-0.0166494
-0.00674026
-0.307782
0.273063
0.0347188
-0.313448
0.0521844
0.261264
0.0111137
0.000623305
-0.00486607
0.00486607
0.0146009
-0.00897396
0.00273022
-0.261617
-0.120752
0.382369
-0.491854
0.372628
-0.0118484
-0.00949354
0.0576619
-0.10277
0.137536
-0.294879
0.157343
0.0120248
0.0621495
0.0213913
-0.0194398
-0.00195144
0.0533599
-0.0743062
0.0209463
0.0316005
-0.0143981
0.00755258
0.0120467
0.00537729
-0.0109223
0.00554504
-0.00045227
0.00582956
-0.309826
0.344455
-0.0346295
-0.39792
0.409016
0.0164833
-0.045025
0.0360444
-0.0290261
-0.00701833
0.0525277
-0.0740511
-0.78197
0.674221
0.107749
0.271433
-0.724517
0.453084
0.0152746
-0.0176751
0.00240049
0.534935
0.15564
-0.173203
-0.551314
0.361732
0.288116
-0.567475
0.452549
-0.234594
-0.217955
0.740666
-0.802069
-0.422687
-0.521704
0.0635058
-0.486193
0.0198648
-0.0685213
0.0743872
-0.0167253
-0.0852467
0.00961524
0.011776
-0.00998361
0.0075013
-0.0069165
0.0103514
0.371679
-0.43909
0.552062
-0.180384
-0.668954
0.229864
0.296027
0.349921
-0.345275
-0.311244
0.656519
-0.0492481
-0.00665053
-0.0127893
-0.0222143
0.0155638
-0.549572
0.13489
0.124649
0.0052995
0.00287459
-0.00817409
-0.0322135
0.0392189
-0.00700538
-0.297349
-0.50472
0.388557
0.163505
0.0912079
0.587136
-0.267807
0.0323725
0.0155472
0.0297543
0.0272047
0.0297737
-0.0569784
0.038791
-0.0115863
0.0127616
-0.0152483
0.375016
-0.268927
-0.106089
0.293938
-0.349662
0.0405739
-0.438494
-0.269252
0.344963
-0.213482
-0.131482
0.133053
0.419953
-0.332394
-0.0660245
0.398418
-0.199341
0.353928
-0.298657
-1.08689
1.38555
-0.48981
0.553316
-0.00737457
0.00737457
0.319879
0.124143
-0.444022
-0.00576495
-0.00586535
0.0116303
0.00589152
-0.00647292
0.000581392
0.00528113
0.000610391
-0.00672758
0.00862129
-0.00189371
0.0101985
-0.0086949
-0.00150361
0.383314
0.0544334
-0.437747
0.00351847
-0.00351847
-0.00717805
0.00698135
0.000196699
0.387412
-0.283046
-0.00334677
-0.00975294
-0.402482
-1.16686
-0.297882
2.32973
-0.0784453
0.0904701
0.345763
-0.338421
-0.00734142
0.0128207
-0.00337342
0.000570919
-0.0051892
0.0051892
-0.378405
0.0649567
-0.411028
-0.00396174
0.00927459
-0.00531285
0.167373
-2.04631
1.87894
1.43125
-1.26388
-0.341321
0.406278
-0.0406314
-0.692859
0.73349
0.0169313
-0.0264661
0.00953485
-0.00964679
-0.00236385
-0.117018
0.119382
-0.406697
-0.248282
0.128802
0.228862
0.704841
-0.933702
0.10534
-0.446661
-0.46382
0.56916
-0.00189678
-0.00457614
0.00297241
0.0503875
1.4684
-1.76706
-0.577909
-0.537874
0.766736
0.252059
0.093704
0.212468
0.252188
-0.357611
-0.276385
0.00713303
-0.138848
-0.496459
0.26484
-0.464181
-0.120521
0.385361
-0.014304
0.0103423
0.020529
-0.000608519
1.45002
-0.0187685
-0.0224694
0.0178343
-0.00970774
0.423202
0.0190935
0.00447871
-0.00737267
0.138182
-0.110377
0.281262
0.261118
-0.54238
-0.665631
0.682638
-0.0170073
-0.0606126
-0.605018
-0.00786155
0.00299548
-1.60923
-0.0663077
0.0526907
0.013617
-0.0169212
-0.00875075
0.0256719
-0.0179019
-0.243415
-0.0343732
0.277788
0.0562085
-0.299624
-0.0828379
0.482802
-1.56969
-0.656448
1.13925
0.105797
-0.595608
-0.127541
0.125177
-0.145979
0.0184384
0.444098
-0.0566864
1.07218
0.377843
-0.768162
2.1183
0.304016
0.115755
0.469683
-0.119263
0.366285
-0.247022
-0.0340691
-1.37592
0.838042
-0.221059
-1.15486
-1.00501
0.783949
0.00534384
-0.00534384
0.375806
-0.0612719
-0.314535
0.892508
-0.20987
0.458485
0.0110975
-0.00898283
0.442333
0.261949
0.36848
-1.08483
0.716353
0.00106459
-0.00683847
0.00577389
0.223436
0.391339
1.32734
0.906022
0.23952
0.0439039
0.00245924
0.0414447
-0.00973385
0.0170053
-0.00727144
0.397447
-0.414993
-0.842711
-0.242122
-0.00108745
0.00636858
1.09611
-0.838568
-0.25754
0.797608
0.2985
1.19656
-0.818718
0.00779731
0.104774
0.414577
-0.0161588
0.00345429
0.003639
-0.00709329
-1.64106
-0.419009
-0.0138047
-0.00409716
-0.0144132
-0.00263721
-0.554799
-0.0554368
-0.142778
-0.196641
-0.326849
0.52349
0.974794
-1.01543
0.956026
-0.398379
-0.117118
0.667962
0.330276
0.723213
0.0510355
0.374375
-0.425411
-0.256747
-0.0123711
-0.00615676
0.00615676
-0.024863
0.100641
0.172422
0.379111
-0.579204
-0.623352
0.302503
0.00705852
0.00221607
0.698851
-0.317371
-0.381479
0.551845
0.147005
-0.0203788
0.0149993
0.00537948
-0.000111147
0.249691
-1.75182
-0.0145283
0.00687631
-0.0148793
0.00590536
-0.00819211
-0.0822742
1.00204
0.014537
0.0146713
-0.000134273
0.000367278
0.0681437
0.251735
-0.00922876
-0.00217024
0.0214433
-0.606607
0.395818
-0.410729
1.49617
0.00921718
-0.00864626
-0.0165956
0.00380634
-0.00665413
0.00682301
0.0130116
-0.00189789
-0.00561015
-0.00926917
0.00740145
-0.0139667
0.00521598
0.262419
0.19203
1.30605
-1.0835
-0.558039
-0.937195
-0.642627
0.517979
-0.0247291
-1.39025
0.223708
-0.307623
0.0839146
0.00344515
0.0357737
-0.0281954
0.0377303
-0.0247503
-0.0990381
0.150214
-0.156153
0.0571149
-0.0879432
1.4036
1.00616
-0.338311
0.790829
-0.452518
0.140953
-0.849268
-0.368526
0.730258
0.599396
0.130861
-0.0239559
0.415488
0.0133231
0.000952067
0.14607
0.164509
-0.692512
0.533784
-0.442576
0.0166316
-0.0199784
-0.225747
-0.0214626
-0.314336
-0.533206
0.21887
-0.427409
-0.0016605
-0.0138687
0.0166401
-0.00554265
0.00277143
0.987949
2.1111
-0.0778555
-0.583945
0.691694
0.0801612
0.00611011
0.0449011
0.0422588
-0.0762918
0.0514288
0.99702
-1.28053
1.26583
-1.02631
-1.58587
-0.320034
-0.0150528
-0.821007
0.503636
-0.362523
0.0629242
-0.905635
0.877524
0.259764
-0.116861
-0.142903
-0.0123564
0.0106454
0.00171101
-0.249898
0.0880903
0.161808
-0.00232013
0.29625
-0.29393
-0.00717283
-0.00518357
-0.0296924
-0.26859
0.298282
0.100271
-0.217275
0.117003
0.258638
0.086325
0.256318
0.224103
0.0356611
0.193361
0.102889
-0.163668
0.260301
-0.0966328
0.14065
-0.261402
0.0150317
-0.00456151
-0.0104702
0.00785887
-0.125782
0.273814
0.125751
0.11119
0.112518
0.098323
0.0514269
-0.14975
0.0182117
-0.0158996
-0.00231207
0.00581598
-0.0103775
0.0113378
-0.0078342
-0.00350361
0.0171538
0.00539873
-0.0158689
0.0115702
-0.00617148
-0.237783
0.203154
0.0195066
0.19225
-0.211756
-0.401953
0.188471
0.00450543
0.374606
0.219014
-0.056659
-0.162355
0.207361
-0.200228
0.142568
-0.436498
0.517918
-0.126579
-0.123534
0.223806
-0.258835
0.224766
0.0114558
0.00569797
0.0130827
-0.0016269
0.0135568
-0.464115
0.195525
0.321547
0.196371
0.0153708
0.0207526
-0.0361234
0.01113
-0.0270296
0.0265008
0.00316908
-0.00593162
0.00276254
-0.0109882
0.0317407
0.0339129
0.00110084
0.00954455
-0.302152
0.182889
0.183556
-0.485708
-0.177327
0.429515
-0.282435
0.286927
-0.00449158
-0.304701
0.255452
-0.165721
0.22193
-0.21964
0.203481
0.669752
0.0539065
-0.723658
-0.0423297
-0.779853
-0.0348016
0.0232153
-0.426315
0.402359
0.364514
-0.339034
-0.00846037
0.347495
0.646595
-0.151409
0.198558
0.448037
-0.028008
0.0537009
-0.0256929
0.0491903
-0.0239278
0.00511268
-0.0189464
-0.00498146
0.00705687
0.00314164
0.00241285
0.00464402
0.00794089
-0.00354013
-0.00440075
0.00900548
0.0024065
-0.0024065
-0.00427348
0.0063789
-0.0063789
0.0522786
-0.179926
0.127647
0.150602
-0.775643
0.00214428
-0.0070233
0.00487903
0.00209849
0.00548396
-0.00758245
0.0672433
-0.00648442
0.00648442
-0.00410295
-0.00238147
-0.00410295
0.00227594
-0.0200817
0.200394
-0.180313
-0.0986228
-0.125753
0.224376
-0.0108865
0.00734633
-0.00871568
0.00633421
-0.00643974
-0.010812
0.00575917
0.00505284
0.241645
-0.113838
-0.127807
0.101927
0.139717
-0.00762965
0.00781591
-0.000186263
-0.00417536
-0.353789
0.00503144
-0.00503144
1.51396
0.487646
-0.121133
-0.149521
0.270654
0.275359
-0.382846
0.107487
-0.0766242
-0.152691
-0.151245
0.303936
0.00636946
-3.52505e-05
0.0021941
0.100782
-0.793641
-0.398153
0.498935
0.0981499
-0.213192
0.00867852
0.011091
-0.00999014
0.00435072
-0.000874933
-0.00596354
0.00669611
-0.00674489
4.8774e-05
0.00560866
-0.00616349
-0.0304223
0.188592
-0.00428041
-0.00428041
-0.00419138
-8.90328e-05
0.35148
0.445946
-0.797425
0.145591
0.00876106
-0.00512206
-0.00299611
0.0873157
0.0120308
-0.00652039
-0.00551043
-0.00460072
-0.00628574
0.00602857
-0.00728814
0.00125957
-0.0120406
0.00384848
-0.00613524
0.18945
-0.154731
-0.0582486
0.00936264
-0.00936264
0.597248
-0.892182
0.294934
0.160233
0.0731138
-0.233347
0.32736
-0.20429
-0.12307
0.24527
0.0820897
-0.122457
0.00748237
0.0033867
-0.0108691
-0.0132252
0.00225722
0.0109679
-0.00935259
-0.00387257
-0.00456024
0.0211918
-0.0112921
0.0112921
-0.00642605
-0.00461839
0.0573091
0.0311553
0.0165021
-0.210783
0.194281
-0.163424
-0.08664
-0.323676
0.676193
-0.352517
-0.659006
-0.518053
0.485831
-0.102517
0.28919
-0.0202716
-0.162768
-0.432839
0.330475
-0.493243
-0.0156129
0.000700308
0.0112745
-0.0124142
0.00113974
0.45533
-0.0908157
-0.00866857
0.00661586
-0.00292665
0.0586624
0.127347
-0.374369
-0.00567107
0.0127797
-0.00710859
-0.107021
-0.0369641
0.090271
-0.118584
0.0283126
0.0945183
-0.00424727
0.399872
-1.05632
0.415381
0.260687
-0.676068
0.815254
0.184469
0.191337
-0.0387535
0.312568
-0.243044
0.121668
-0.893757
-0.117293
-0.207206
0.0899132
-0.109056
0.00788395
-0.0104819
0.002598
-0.00489914
0.00853564
-0.0036365
-0.00863761
0.00933792
-0.0151293
0.0064917
-0.0113045
-0.0038248
0.437346
-0.382913
0.110497
-0.00998455
0.0122418
0.0010586
-0.0110431
0.142477
-0.01483
0.206861
-0.0643836
-0.00882222
0.00681668
0.00200555
0.595519
0.504704
0.00173717
0.250322
0.16197
0.00456187
-0.0108361
0.00627427
-0.00721273
0.00998416
0.692705
-0.267105
-0.4256
0.455373
0.530365
-0.0749918
0.728922
0.394426
-0.21087
0.577315
0.137099
-0.569938
-0.802957
0.0247449
-0.0238997
0.0201846
-0.00986775
-0.0140319
2.06494
-0.0350846
-0.952782
1.96844
0.294553
1.32046
0.36768
0.0129081
-1.75182
0.0106956
-0.00829508
0.0114125
-0.00453617
-0.30312
0.298629
-0.248027
-0.0096867
0.00382136
-0.00472129
-0.00496541
0.00585948
-0.0079683
0.00210882
-0.2305
0.14386
0.197735
-0.0034536
0.182905
0.00871374
0.000807712
-0.00952145
0.00898683
-0.000273095
1.27728
0.112701
-0.249562
0.355387
-0.105826
0.126074
-0.375636
-0.462219
0.401606
0.0127944
-0.0268946
0.612781
-0.194338
-0.355074
0.282088
0.0729862
-0.291721
-0.0633536
0.368413
-0.248741
0.0122438
0.242984
-0.00669944
0.00897836
0.00464541
-0.00899613
0.00229669
-0.00532931
0.0310622
0.0179567
0.0443735
-0.0327845
-0.123369
-0.139805
0.0670554
0.311707
0.188339
-0.151134
0.0372051
-0.0664196
-0.25334
0.31976
-0.870589
0.384396
-0.137308
-0.011878
-0.0015357
-0.016784
-0.529481
0.246435
-0.286497
0.340139
-0.494169
0.0247826
-0.0127359
0.0129342
-0.454366
-1.28834
0.499568
-0.862031
-0.135241
0.380511
-0.0288476
-0.1764
0.205248
0.0574682
-0.169032
0.111563
-0.0767764
0.134245
-0.140099
0.179248
-0.039149
-0.168947
0.173149
-0.0547363
-0.118413
-0.0684272
0.166195
-0.0977673
-0.0216859
0.0731129
0.0484522
0.122727
-0.17118
-0.060538
-0.0467258
0.107264
0.0109488
-0.0367634
0.0258146
-0.0267929
0.0377417
0.0912507
0.00963229
-0.100883
-0.0799993
0.125702
-0.0457026
-0.157848
0.101189
-0.207631
0.0312306
-0.0526701
0.198261
0.229492
-0.17782
0.101196
-0.0112325
-0.166588
-0.105751
0.0359323
0.0698189
-0.0453713
0.118485
-0.151123
0.154417
0.166879
0.057224
0.00978312
0.00178709
0.00459955
-0.112199
-0.028802
0.141001
-0.108591
-0.0604411
-0.0141065
0.0117944
0.00528501
-0.0193915
-0.1591
0.303703
-0.144603
0.255733
-0.152844
-0.343896
0.104027
0.239869
-0.162482
-0.181413
-0.0310415
-0.0106501
0.0161846
0.036343
0.00527638
0.0162252
-0.0215015
-0.0146501
-0.00348929
0.0181394
-0.21549
0.0530075
-0.0957761
0.223123
-0.311266
0.276131
-0.000665392
-0.00897367
0.00963906
0.393479
0.140305
-0.175524
-0.429494
-0.362566
-0.0937091
0.456275
-0.354161
-0.00840501
0.0141235
0.0872963
-0.10142
-0.100291
0.17011
-0.0379258
-0.113197
-0.104784
-0.0956372
0.200421
-0.00419138
0.0728323
-0.151811
0.171318
0.110097
-0.0616448
0.0669275
0.118217
-0.185144
0.168855
-0.109336
-0.0272691
0.136605
-0.015109
0.0851596
-0.0700505
-0.00672282
0.00672282
-0.00169139
-0.00514216
0.00514216
-0.129932
-0.0239022
0.0009335
-0.00607566
0.102799
-0.110447
0.00764897
-0.0504608
0.102503
-0.0520424
-0.00786155
-0.00113872
-0.0112514
-0.146597
-0.134838
0.214155
-0.0793174
-0.0223713
0.132468
0.00677145
0.00221538
0.00940054
0.10027
-0.109671
0.0714682
-0.102435
0.222318
-0.119883
0.0634785
0.00485687
-0.00675365
-0.0119248
0.204174
-0.065164
0.166353
0.0090905
-0.00331661
0.00692066
0.00216983
0.00550448
-0.00550448
0.0664188
0.0530438
-0.119463
0.133474
-0.145204
-0.000825348
-0.00799688
-0.00823999
0.00157555
0.00666444
-0.000803545
-0.00743645
-0.0103277
0.00551525
0.00481247
-0.0891235
0.19032
8.97467e-05
0.00672693
-0.00907025
0.00840486
0.102509
-0.0293957
0.172569
-0.0941306
-0.0784381
0.0635128
-0.00654724
0.00745388
-0.000906639
-0.317177
0.0208687
0.296309
0.00590945
-0.00678438
0.00989286
-0.0446944
-0.0218377
0.0317306
-0.18673
-0.588914
-0.548149
-0.245492
-0.00560807
-0.00470198
0.00470198
0.0008736
0.113623
-0.419936
0.306313
-0.00643071
0.00124152
-0.00643071
-0.0164903
0.0164903
0.00626536
-0.000987155
-0.0052782
-0.0129081
0.111495
-0.165184
0.064308
-0.0067299
0.000182659
0.0168681
-0.00938572
0.00789442
0.0026451
-0.113521
-0.0671026
0.180624
-0.0102211
0.00378133
-0.00473711
0.00978607
-0.0511666
-0.0574239
-0.175005
0.123838
-0.0354546
-0.13955
-0.0385544
-0.182658
0.221213
0.0354721
-0.352649
-0.258913
0.294385
-0.0783149
0.161082
-0.0827671
0.0468621
0.00544001
0.0868352
0.101184
-0.0333745
-0.0233312
0.0567057
0.0141951
-0.00190812
0.00178093
-0.00216803
-0.202869
0.230558
-0.0276889
-0.536046
0.110446
-0.691761
0.548771
0.14299
0.0111456
-0.00691134
-0.00423424
-0.0010861
-0.00609195
-0.00707169
0.00155163
0.00552005
0.0040384
-0.000495072
-0.00354333
-0.00303329
0.00538143
-0.00663783
-0.00119782
0.00118587
-0.00541359
0.00422772
0.16532
-0.270104
-0.00407453
-0.0121591
0.00808457
-0.00687409
0.00356669
-0.096189
0.000853842
0.0070301
-0.128325
0.194454
-0.0661299
0.00722576
-0.000244409
-0.00268423
0.00990999
-0.00975294
-0.0149942
0.00524126
-0.073777
0.0457234
0.0280536
0.00563157
0.00960554
-0.0152371
0.00608594
-0.000477277
0.00130979
0.00477614
-0.145871
0.187
0.00842842
-0.00842842
0.0019977
-0.00328626
0.0104034
-0.00305703
0.00965236
0.000750993
-0.0120445
0.00679974
0.00524476
-0.00321597
-0.00882853
-0.313486
0.110617
-0.187412
-0.00911866
0.0110963
-0.00197766
-0.00744062
-0.00167804
0.00625944
-0.0885337
0.0965102
-0.0899372
0.665756
-0.307907
-0.203337
0.511244
-0.351029
0.0490035
0.302025
-0.179963
-0.00431973
0.0103578
-0.00603811
0.00346537
-0.00608531
0.00261993
0.00698384
0.00279246
0.010209
-0.00682228
0.00805372
-0.00623389
0.00794491
0.00849226
-0.00849226
0.00346082
-0.0213652
0.00985187
-0.00697728
0.00904833
-0.334793
0.217932
0.00166589
0.120517
-0.122183
-0.0082178
0.0082178
-0.00302861
0.0112843
-0.00388289
-0.0131428
-0.00624868
-0.665735
1.03341
-0.011934
0.329122
0.125434
0.203687
-0.0739954
-0.242119
0.316115
0.273767
-0.0432095
0.199772
-0.0113948
0.00241202
-0.011506
0.185056
-0.0969655
0.149601
-0.223086
-0.15255
0.00921374
-0.2323
-0.175628
0.190977
-0.0153492
0.421231
-0.308713
0.134734
-0.136484
-0.283452
-0.00275721
-0.00883815
0.0115954
-0.230123
-0.612969
-0.0133407
0.0142927
-0.0855791
0.442818
-0.357239
-0.327698
-0.0149942
0.00822041
-0.00219184
0.00124312
0.628341
-0.81507
-0.923275
0.158296
-0.0258283
0.0798584
-0.291376
-0.146372
0.0891351
-0.0116868
0.00526076
-0.00869133
0.000286466
-0.23828
-0.185551
0.232413
0.0210417
-0.00114894
0.779997
-1.37348
-0.235751
-1.69351
-1.20587
0.138294
0.0337253
-0.172019
-0.00201101
0.00755605
-0.00633074
0.0133856
0.00308882
0.0102968
-0.145394
0.0321222
-0.00604678
-0.00478936
0.0051491
-0.224798
-0.00816759
0.00513898
0.00692607
-0.010142
-0.00652073
-0.00652073
0.00169707
0.0119387
-0.00878488
0.00315384
1.02453
-1.05126
-0.0428848
-0.20524
-0.0163889
-0.0180158
-0.0187627
0.00114021
-0.0178013
0.0166611
0.00955921
-0.00641757
-0.0669926
-0.161341
0.228333
-0.0174577
-0.00292106
-0.432369
0.00369367
0.428675
-0.132169
0.0942429
-0.132672
0.0194752
-2.09449
2.21368
-0.126047
-0.00994657
0.00534585
-0.00146902
-0.00847755
0.000303453
-0.100818
0.100514
-0.109033
-0.0866941
0.0246049
-0.0147371
0.0205743
0.00475075
-0.00475075
0.0182992
0.0236787
0.0241921
0.641564
0.804189
1.42007
0.158543
0.222851
0.00279864
-0.0100868
0.00814985
-0.00535121
0.00722476
0.00131088
0.00950436
-0.0101648
-0.00869454
0.00869454
-0.00131997
0.110572
0.0479912
-0.158563
-0.0848226
0.132814
0.11854
-0.0654961
-0.0442999
-0.0300063
-0.0776744
-0.258841
0.526647
0.0341631
0.18858
-0.545093
-0.283144
0.170239
-0.204199
0.374438
-0.297908
-0.11249
-0.0240539
-0.023991
0.0480448
0.00839269
0.0391001
-0.0474928
0.0261979
-0.0312541
0.0050562
0.0166512
0.00954678
0.00202586
0.0146253
0.00636952
0.0824777
-0.0888472
-0.0620346
0.0258446
0.03619
-0.0374531
-0.0589185
0.0963716
-0.0137872
-0.0959691
0.109756
0.048055
-0.063164
-0.00224522
0.00224522
-0.0908091
0.0440832
-0.00218074
0.00218075
0.0926372
-0.140095
0.0474581
-0.07885
0.107305
-0.0284546
-0.0024256
0.00242563
-0.0263469
0.0254277
0.000919143
0.00191759
-0.00191762
-0.0546185
0.141454
0.12463
0.132261
0.00919226
-0.105854
0.00988447
-0.0264078
0.0898864
0.0997708
-0.0692593
0.0318062
-0.11203
0.0427708
-0.0190752
0.0905434
0.0806956
0.00300416
-0.00300405
-0.0059745
-0.155366
-0.119495
-0.143191
0.0132597
0.0677718
-0.0614983
-0.00627345
0.0723236
-0.0631313
0.106732
0.196971
-0.128989
-0.0280246
0.157014
-0.0222577
-0.0683418
0.00284566
0.000922191
-0.069264
0.111535
-0.0683127
-0.0432225
0.00293402
-0.00561825
-0.00589451
-0.00897357
0.000278666
0.000626741
-0.00960031
0.0036855
-0.062604
0.133007
0.137647
0.121082
-0.347247
0.0883343
0.00552117
-0.00245369
0.00552117
0.0475503
0.0106645
-0.0582147
0.00212958
0.0666141
-0.0687437
-0.0722724
-0.00150462
-0.0765196
0.00807059
-0.00311221
-0.00495838
-0.12811
0.0775777
0.0505318
-0.131118
0.2522
0.00652982
0.380968
-0.0995901
0.112226
-0.0878213
-0.0244044
-0.0557284
-0.123283
0.179012
0.0693231
-0.125051
0.0610488
-0.0589193
0.0863738
-0.0767415
0.0181764
0.0380547
-0.0562311
-0.00956124
0.00389017
-0.00696324
-0.070235
0.0766045
0.0058744
0.00219619
-0.00294764
-0.00738008
0.00766149
-0.0316992
0.074356
-0.0426568
0.0140462
-0.0457454
-0.112106
-0.0280403
0.185333
-0.337883
-0.00487313
0.00183984
0.111043
0.023202
0.00778135
0.103261
-0.0617825
-0.0703862
-0.044335
-0.0837745
0.0678906
-0.0764029
0.156261
-0.0793857
0.0032119
0.0761739
0.0204906
0.0699795
0.337017
-0.291557
-0.0454598
0.393072
-0.0560547
0.0776843
0.0833977
-0.0776818
-0.0360978
-0.245486
-0.0460708
-0.592816
0.533331
0.0594854
0.305599
-0.577541
0.271943
-0.287217
0.0703846
-0.0297114
-0.0406732
-4.23239e-05
0.0202269
0.0310199
0.0213672
-0.0444327
-0.0604654
0.104898
-0.00782559
-0.000171284
-0.000371719
0.0380464
0.0801035
-0.11815
0.287317
-0.343372
0.541236
-0.253919
-0.0312215
0.0093838
0.0518974
-0.0586656
0.00676817
-0.00795469
0.108469
-0.0410211
-0.204465
0.00719093
0.00719093
0.0262508
-0.049582
0.0456956
-0.0194448
0.0583842
0.0513721
0.228207
-0.0110182
0.0633093
-0.0522911
-0.00198923
0.00198931
-0.00339055
0.0391297
0.0127677
-0.021197
0.021197
-0.00750714
0.00422088
-0.00657364
0.00859427
0.00181884
-0.0104131
0.00119912
0.00739515
0.0958083
0.10359
0.72119
-0.568958
-0.152233
0.99608
-0.24321
0.537762
0.547426
-0.526558
0.304217
-0.025193
0.0727432
-0.0856584
-0.254019
0.663574
-0.409555
-0.179677
-0.156593
0.33627
-0.305697
0.12602
0.121954
-0.142035
-0.104411
0.115565
-0.0439659
-0.071599
-0.0519807
-0.380388
0.00752383
-0.00626426
0.00780821
0.00497144
0.00843495
0.00871362
-0.00564992
-0.00503953
-0.0118417
0.00473313
-0.00833911
-0.00350262
-0.0526553
0.11104
0.0345199
-0.227545
0.332921
-0.105376
-0.0861634
0.0067777
0.00877511
-0.0545697
0.0457946
-0.00768086
-0.00643773
0.154815
-0.131661
-0.0231542
-0.0208129
-0.00218389
0.082955
-0.0807712
-0.106594
0.00669122
0.00549339
0.0620207
0.138374
0.286034
-0.224014
0.00805379
-0.00785709
0.00243554
-0.00345897
-0.416112
-0.034936
-0.381176
-0.387585
0.0397325
-0.0207852
-0.150999
0.171785
-0.129818
0.000197245
-0.130015
0.0216747
0.0240209
0.10529
-0.128492
0.0508061
0.0776859
0.103576
0.0400869
-0.143663
-0.0652845
0.16886
-0.2148
0.0333546
-0.0632165
-0.0144578
-0.0603709
-0.0594487
-0.00571428
-0.201743
0.207457
0.00661823
0.0001087
-0.00123886
-0.00598325
0.000478609
-0.00646186
-0.0105057
0.00445888
0.0406712
-0.0501379
-0.106608
0.0564696
0.115127
0.218096
-0.333223
0.280447
0.0127584
-0.00778692
0.0162287
-0.204305
0.0812351
0.00471913
-0.0995198
0.0948007
-1.97793
-0.0277725
0.0120644
0.00652173
-0.00541229
0.942703
-0.444345
-0.498359
-0.0013391
0.00291037
-0.00157127
-0.0795863
0.0716316
-0.0710037
0.466759
0.00907491
-0.00776403
-0.0107175
0.000630716
0.00762868
0.00272916
-0.013233
0.00976362
0.00346937
-0.163897
-0.185262
-0.00712854
-0.010702
0.00357346
0.00731202
-0.00928967
0.25835
0.122619
0.0195638
0.121437
-0.0104659
0.00637169
-0.00943918
-0.0124765
0.0289667
0.0041846
0.0400784
-0.192202
0.152124
0.00738243
0.0116033
0.0051099
0.292493
-0.655016
-0.0109359
0.00488613
0.00604981
-0.0107338
-0.000202114
0.000411755
0.00741111
-0.00467414
0.0030303
-0.00752656
-0.00752656
0.0144411
0.00727751
-0.000842336
-0.00643517
-0.00846337
-0.0360321
0.0206735
0.00714946
-0.00504064
0.00505701
-0.00984637
0.0102061
0.0473473
-0.271349
0.224001
-0.00595801
-0.825824
0.0861615
-0.211915
1.33191
0.00299427
0.00415519
-0.0093134
0.00307951
-0.00471385
0.592943
0.383073
-0.00362569
-0.00622068
0.406079
0.0501965
0.528698
0.590992
-0.372122
-0.0760035
-0.0951761
-0.133643
0.0576391
0.00578565
-0.00515494
-0.0100875
-0.00651401
-0.0641978
0.372105
0.723059
0.0969336
0.345885
-0.0332445
-0.0862181
0.014563
0.00451216
-0.0701044
0.00924154
0.0608629
-0.0360705
-0.0340339
0.109466
-0.120484
-0.616475
0.163739
-0.00841645
-0.00868955
0.0255518
0.0255785
-2.67541e-05
0.0109203
0.00975647
0.0119263
0.0184945
-0.140677
0.103902
-0.0854074
-0.00846735
-0.00814434
0.0049856
-0.00861129
-0.00820719
-0.0188225
-0.02135
0.0134887
-0.00415078
-0.0101153
0.0070213
-0.0149157
-0.995034
-0.202667
0.138394
0.0642722
0.0230935
-0.123503
-0.146648
0.226521
-0.0798725
-0.189858
0.198748
0.0792413
0.145135
-0.00852166
0.00161032
-0.00300641
-0.132933
-0.00625593
-0.00791643
0.00711481
-0.00711481
-0.383724
0.0264847
-0.48955
-0.290474
0.103474
-0.342834
0.00788819
-0.0101036
0.0229972
0.328507
0.265154
0.0268739
-0.128784
-0.00287682
-0.103828
0.00789197
0.00365774
0.0239598
-0.0497939
0.0258341
0.000198178
-0.000274007
7.58253e-05
0.0146997
-0.0126738
-0.0157565
-0.0444877
0.0602442
-0.0338312
0.0607707
-0.0269395
0.0496482
-0.0245002
-0.025148
0.0218867
0.00596464
-0.0278513
-0.00107116
0.00202984
-0.000958681
0.00188173
-0.00188172
-0.00183202
0.00183195
0.00167029
-0.00167029
0.00162988
-0.00162993
-0.00142888
0.00142886
0.0015637
-0.00156373
-0.00206756
0.00206758
-0.0016981
0.00169812
0.00153826
-0.00153825
-0.00177431
0.00177427
-0.00195153
0.00195152
0.00147753
-0.00147755
-0.00206634
0.00206632
0.00088904
0.000846673
-0.00173568
0.00173036
-0.00173035
-0.00228747
0.00228749
0.00159256
0.00551682
-0.00710943
-0.0116404
0.886299
-0.16324
-0.38794
-0.607094
0.0407387
-0.0530045
0.0122658
-0.00170596
0.001706
-0.00158137
0.00158137
-0.0401929
0.016139
0.00212518
-0.00212521
0.00696735
-0.000917544
-0.000532179
-0.00815737
-0.00186171
0.00186167
0.00133991
-0.0032016
-0.0312028
0.0825749
0.0761018
0.0562075
0.0263674
0.00161379
-0.0016138
-0.0411833
0.00735208
-0.0150242
0.0495441
0.0568962
0.0211902
0.0491944
0.00150851
-0.00150848
-0.00176088
-0.0790103
-0.00184075
0.00184075
0.00210064
-0.00210064
0.00201621
-0.00201618
0.0136346
-0.00459513
-0.00903942
-0.00131873
0.00131872
-0.142374
0.0396684
0.102705
0.0236444
-0.0647554
0.0411109
-0.00807937
0.00296637
0.00511298
0.0162331
-0.0542153
0.0379822
-0.380186
0.237471
0.142715
-0.0472651
-0.0909947
0.131082
-0.0056608
0.00626255
-0.000601752
-0.00163028
-0.000476257
0.00210654
-0.194362
0.147097
0.0100832
0.0351899
-0.045273
0.000775238
-0.00031644
-0.000458812
-0.00287793
0.0015592
0.0125697
-0.00320574
-0.00936394
-0.0287139
0.0523583
-0.0491194
0.0558554
-0.006736
0.0345552
0.038234
-0.0727892
0.0390863
0.00410567
-0.043192
0.047942
-0.0666472
0.0187052
-0.0382214
-0.0633326
0.0142132
-0.0101429
0.076757
0.105422
-0.00688904
0.00122824
0.00326537
-0.000848663
-0.00241671
-0.0445319
-0.0188007
-0.0730506
0.0753027
-0.0408346
-0.0344681
0.00768403
0.00488568
0.0669918
-0.0303845
-0.0366073
0.043448
-0.00436178
0.0459197
-0.0247295
-0.0317468
0.00363942
0.0281074
-0.0446079
0.0482934
-0.0661996
0.0126533
0.0535464
-0.0227221
-0.0434775
-0.0462313
0.00212543
0.0441059
0.0322399
0.0174083
-0.0560774
-0.00595717
-0.0418642
0.00207049
-0.00207046
0.00620939
-0.00592345
-0.000285937
0.0373154
-0.0812813
0.0314283
0.0355635
0.0167748
-0.0326548
0.0158801
-0.14703
0.196033
0.133417
-0.149377
-0.0439843
-0.0969431
0.140927
-0.193362
-0.0401691
-0.00600509
0.00908738
-0.00308228
0.00438597
-0.000420109
-0.150579
0.0110341
-0.0071856
0.00470334
0.00302051
-0.00133244
-0.0120518
0.0133842
-0.000780715
-0.200962
0.195252
0.0272661
-0.0357032
0.00843709
0.115014
-0.135303
0.020289
-0.0459259
-0.150031
-0.237555
0.151995
0.0253852
-0.0489223
0.023537
-0.0169259
0.0423111
-0.0857567
0.122449
-0.0366925
-0.120343
0.0760407
0.0443023
-0.0553915
0.0308914
-0.0864969
0.0575966
-0.153234
-0.0169638
0.0353491
-0.0183853
0.0232954
-0.0402592
0.0414718
-0.109281
0.0834526
0.0356226
0.0419569
0.0292715
-0.0712283
0.012955
-0.0103785
-0.00257647
-0.00404492
-0.0179498
0.0256338
-0.0220922
0.0041424
-0.0123713
-0.00972086
0.0500376
-0.00658956
0.561788
-0.133113
-0.0902637
-0.0483069
0.0017666
-0.00176652
-0.00891086
0.00153078
-0.00671467
-0.0116762
-0.0393261
0.0276499
-0.00258183
-0.0367443
0.0649621
0.00702395
-0.071986
-0.0274674
0.0924295
-0.0319281
-0.0347691
0.00772835
0.0270407
-0.0388391
0.0065347
0.193886
0.121549
0.0233307
0.000710807
-0.0240415
-0.0114383
0.035211
-0.108262
0.0858452
-0.0506342
0.0032452
-0.00087963
-0.00236556
-0.00960377
-0.00960377
-0.0982642
0.0698096
0.000578902
-0.0126525
0.0120736
-0.0191491
-0.153987
0.0987107
0.00855315
-0.0349319
0.0609893
-0.0391838
-0.0218055
-0.0186494
0.0376875
-0.0190381
-0.0404003
0.0217509
-0.0624978
0.102166
-0.154367
0.271954
-0.117587
0.0759626
0.0892223
-0.0146054
-0.0287161
0.020401
0.193754
0.127598
0.00929478
0.00838814
0.00133477
0.00705337
-0.00122479
-0.203891
0.00192947
-0.012563
0.0477529
-0.00776979
0.0333483
0.0800121
-0.0417781
-0.127315
0.0408183
-0.00445631
0.0709409
0.142172
0.230507
-0.0738281
0.0285551
-0.0330894
0.0743328
-0.0302495
-0.0111937
0.0869441
-0.0757503
0.0327994
-0.0238102
-0.00898926
0.0813822
0.00811945
-0.0895016
0.0187782
0.0884072
-0.0624563
-0.025951
0.0354027
0.00231328
-0.0013842
-0.0843197
0.0857039
0.0366705
0.0278633
0.0660868
-0.0939501
0.126725
-0.0988615
0.00392236
0.00584126
-0.00892168
0.024662
0.022503
-0.0471651
0.00951546
0.00370586
-0.0132213
0.0467601
-0.126078
0.164408
-0.117647
-0.0138055
-0.00819053
0.00573684
-0.00928369
-0.0258457
0.0739007
0.0351436
-0.0200637
0.0166043
0.0034594
-0.0111319
-0.00893178
-0.0341155
0.0447799
0.0598057
0.0207786
0.0390271
-0.0354525
0.0240091
0.00184153
-0.00184149
-0.0198464
-0.0952209
0.115067
-0.0221303
-0.0236151
0.050613
0.0396343
-0.0632494
0.00417076
0.0082307
-0.0124015
-0.0189975
0.0103643
-0.00734882
-0.00301548
-0.359994
-0.000569336
0.000967132
-0.000397796
-0.00961125
0.00688209
0.0758898
-0.186977
0.111087
-0.0501877
-0.0750131
-0.0373236
-0.0376896
0.0310742
0.0148454
0.0351928
-0.0352195
-0.0544664
0.102773
-0.0769287
-0.0328509
0.0899236
-0.020114
0.0415745
-0.273874
-0.0690917
-0.00764986
0.213871
0.00833812
0.00833812
0.83284
-0.000256026
-0.00813678
0.00839281
-0.0392838
-0.00419363
-0.104754
0.0114855
0.157316
-0.035362
-0.0735412
-0.0689131
0.030074
-0.0258297
-0.103911
-0.0273061
-0.0891601
0.0434367
0.0115663
-0.04214
0.125593
0.0491898
-0.149754
0.654436
0.00551682
0.00551682
0.144515
-0.0357972
-0.250597
-0.0100307
0.0334357
-0.0234049
0.0244581
-0.0669148
0.0913729
-0.0686757
0.0683756
0.210113
0.186959
-0.000585126
0.000805221
-0.000220095
-0.0112085
0.0070577
-0.00471678
-0.0452925
0.0286082
0.0111766
0.00949856
0.0116026
0.00796615
-0.0585196
0.0550587
-0.00362988
0.00851089
-0.0085109
-0.00698011
-0.014248
0.0709116
-0.0130727
0.00601499
0.00674337
0.00440337
-0.0111877
-0.0142032
0.0366149
0.0571205
0.0437625
-0.112854
-0.0189846
0.0231278
-0.00414319
0.0100903
-0.0268933
0.0168031
0.0217908
-0.0117005
0.01176
0.0118715
0.00948602
-0.0213575
-0.00302393
-0.0199175
0.0229414
-0.000760676
0.000760682
-0.000779671
0.00077967
0.00428101
-0.0169903
0.0127093
-0.0101567
0.0293899
-0.0192332
-0.000770719
-0.00154389
0.00231459
-0.039055
0.0211863
0.0178687
-0.00232352
0.00232358
-0.00357356
0.00357357
0.00165623
-9.80691e-05
-0.00155817
0.0143524
-0.00683535
-0.00751709
0.0215497
-0.00719722
0.00100096
-0.00100099
0.00408867
-0.0210274
0.0169387
0.0277453
-0.00585865
-0.00134744
9.21236e-05
0.00125531
-0.0138918
-0.0173624
-0.0333365
0.00220026
-0.0261913
0.0313759
-0.0291757
0.0145636
0.0207855
-0.0216948
0.0362584
0.000222741
-0.000222738
0.00197758
-0.00197757
-0.000857256
0.000857242
-0.0298682
0.0278149
0.00205328
0.0392194
0.0532101
-0.0415326
-0.0273804
0.0190319
0.0668133
-0.0498287
-0.00431558
0.0541443
-0.0307968
0.0315371
-0.0501941
0.018657
-0.0213805
0.0345716
-0.0131911
-0.000657677
-0.00112843
0.00178602
-0.07368
0.0180347
0.0556454
0.0161577
0.0166417
-2.05551e-05
-0.000173124
0.000193675
-0.0310564
-0.00799857
-0.0471158
0.0174397
0.0296762
-0.0114932
0.039376
-0.0564475
0.0170715
0.0281823
0.00838657
-0.0331161
0.0233602
-0.0173956
-0.0505117
-0.010904
0.010904
-0.0180628
0.010293
-0.007679
0.00126143
-0.00103462
0.00777799
-0.00965368
-0.000511086
0.000149323
0.00934924
-0.0416052
-0.0650023
0.0142198
-0.055825
-0.00112786
0.000176269
0.000951587
-0.00102002
0.00110269
-8.26757e-05
0.000344183
-0.00112385
-0.00278037
0.000809706
0.00197067
-0.000682161
-0.00209821
0.000857193
0.00676639
-0.00762359
0.021964
-0.095644
-0.00122714
0.00140163
-0.000174495
0.000889059
-0.00161303
0.000485177
-0.000191632
-0.0014214
-0.00254122
0.00115167
0.00138955
-0.00456212
-0.00212277
0.00668489
0.000875148
0.00165361
-0.00252876
0.00066886
-0.00174002
-0.00110549
0.000246999
0.000858494
0.00962551
-0.0108142
0.0204398
-0.00591401
0.00100179
0.00491222
0.000167358
-0.000736701
-0.000274599
-0.00149972
-0.000613965
-0.00121373
0.00182769
-0.000242569
-0.00129001
0.00153258
0.0884647
0.0347839
-0.123249
-0.0199319
0.0283246
0.00999041
-0.0299223
0.000527469
-0.00190859
0.00138112
-0.00144931
0.00197677
0.000569651
-0.00657474
0.00166179
-0.000772714
-8.74613e-05
0.000484409
-0.000396949
-0.000370021
-0.00132913
0.00169915
0.00988844
-0.0227641
0.0128757
0.00136531
0.00852312
-0.0283008
0.0403582
-0.0120574
-0.0203103
0.00917845
0.00123932
0.00106039
-0.000972014
-8.83783e-05
6.32356e-05
0.000777903
-0.000841141
-2.70345e-05
9.02585e-05
0.00798951
-0.00381876
-8.38934e-05
-0.00407499
0.00415888
-0.0019832
0.00198319
-8.30495e-05
-0.00102597
0.00110899
-0.000740735
0.00165967
-0.000647522
-0.00101216
-0.000860717
0.000334352
0.000526357
0.00344848
-0.0105313
0.00708279
0.000472121
0.00139412
-0.00186624
0.00203112
-0.00203113
0.00194594
-0.000588443
0.00253438
-0.00196363
0.00196359
0.066314
-0.0624955
-0.00381863
-0.0211141
-0.0181697
0.0351917
0.0872576
-0.0460896
-0.0272277
0.0933145
0.0437132
-0.00169536
0.00169536
-0.00216871
0.000473321
-0.00309191
-0.00498747
-0.00292455
-0.00112845
-0.00186919
0.000763647
8.47279e-05
-0.000848403
-0.00107836
0.0011165
-3.81395e-05
-0.000621629
0.00222733
-0.0016057
0.00234656
0.000952095
-0.00329866
0.0184831
-0.0148437
-0.000330939
0.000672851
-0.00128008
0.000607205
-0.00631014
-0.00552222
-0.000787951
-0.0020441
0.00124683
0.000797266
-0.077151
0.0491792
0.0279719
-0.00849415
-0.0317651
-0.00018958
-0.00680822
0.00547577
-0.000369277
-0.00447847
0.00484776
-0.00717748
-0.000172319
-0.000853667
-0.00993388
0.00993388
0.00135636
-0.000562491
-0.000793879
3.30817e-05
0.00013481
-0.000751888
-0.00133702
-0.000123066
0.00173106
-0.00185412
-0.00205902
0.00205901
-0.0152343
-0.00216872
0.0017551
-0.00175507
0.00168305
-0.00168306
0.00113368
-0.000485672
-0.000648006
0.0011192
1.44734e-05
-0.00104592
0.00104591
-0.00256285
0.00151693
-0.00503961
-0.0122152
0.0172548
-0.0185284
0.0168839
0.00164454
0.0055734
-0.0311785
0.0256051
-0.0169228
-0.0120712
0.0289941
0.00166542
-0.00718765
-0.0135689
-0.00201101
-0.00194825
0.00251792
0.000183844
-1.55788e-05
-0.000168263
-0.00176441
0.0129016
-0.00163762
-0.000126796
0.00243309
-0.00407071
0.000566077
-0.00478938
0.00422331
-0.000119849
0.000685933
0.000279958
0.000497941
-0.000222652
-0.00573972
0.00551704
-0.0037348
0.00512321
-0.00138841
-0.000229016
0.000918516
-0.00114752
0.00231362
-0.00227624
-3.73783e-05
5.43078e-05
0.0253377
-0.00856289
0.0154896
0.00984812
0.000362364
-0.00119541
0.000833046
-0.000257874
-1.67317e-05
-5.77626e-05
0.00118328
-0.00124107
-0.000298169
0.000897921
0.00825849
-0.00915638
0.00254588
-0.00164795
0.00242382
0.00012205
-0.00643713
-0.00561465
0.0186409
-0.174564
0.155923
0.000789647
-0.0558909
0.0739256
-0.0339269
-0.00257271
-2.50988e-05
0.00259781
-0.00319174
0.000619031
0.00911333
0.0231652
-0.0322785
-0.0156619
0.0247752
-0.00926048
-0.00168321
0.000825936
0.00160173
-0.000826495
0.000813769
0.000167838
-0.00038793
-7.89483e-06
-9.27356e-05
0.000100641
-0.00414166
-0.00286231
0.02059
-0.0177277
-0.00700397
-0.00137873
0.000127329
0.0012514
0.00152008
-0.0009679
-0.000552176
-0.0114119
-0.0210402
0.0324521
0.00407769
-0.00468923
1.78575e-05
0.00467138
0.0156586
0.00386397
-0.00890357
0.000925407
0.102882
0.0615251
-0.0022623
-0.0258581
0.00893521
-0.00340373
0.000436405
0.00296732
-0.000452542
0.0239316
-0.00501327
-0.0189183
0.00278976
0.0034728
-0.00891967
0.0117094
0.00221334
-0.00221336
0.109387
-0.0295431
-0.0798436
0.0754599
0.0478782
0.0210346
-0.0689129
0.0220981
-0.0138674
0.0246656
0.0624214
-0.0870871
-0.0157347
-0.00178791
0.023886
-0.00677538
-0.00114756
0.000436508
-0.00158406
-0.000152863
-0.00340836
0.00325553
0.00161734
-0.000803893
-0.000813448
0.0013613
-8.56741e-05
0.00248867
-0.00257435
-0.000156568
0.001251
-0.00109445
0.000284436
0.00328994
-0.004777
0.00148706
0.00816335
-0.00487343
0.0143448
-0.0286758
0.0143309
-0.0369675
0.0362257
0.000741779
0.0145741
-0.0356882
-0.0382759
0.05285
0.0016693
-0.00614777
-0.0020013
0.00367061
5.33407e-05
-0.000377939
0.000324618
0.00206699
-0.00234052
0.000273533
0.00212033
-0.00317019
4.75368e-05
0.00312266
-0.0164747
-0.00720415
0.0236789
0.0235312
0.00250384
-0.00549858
0.0286637
-0.0587039
0.0532053
-0.01117
0.00743516
-0.0012359
0.00123589
0.000550103
0.000377767
0.00180297
-0.00180297
-0.000576373
0.0010497
2.31024e-05
-0.000599472
-0.000371458
-0.000365245
0.000862444
-0.000630661
-0.000231784
-0.0168319
0.0304645
-0.0136327
-0.00149971
0.00013658
-0.00163629
-0.00157015
-0.0117324
0.0133026
-0.128052
0.0311088
-0.00359036
-0.000697301
0.00428766
-0.00484773
0.00125737
0.0407913
-0.0117529
-0.0290384
0.00097284
-0.000403727
0.00364893
0.00268576
0.0347366
0.357355
-0.0860712
-0.271284
0.0612131
0.296142
-0.123183
-0.000573183
0.00241803
-0.00184487
0.00108649
0.150372
-0.0764467
0.0472043
0.103168
-0.00187751
0.00207568
0.00121413
-0.00595373
-0.0300819
0.0360357
0.010204
-0.0021743
0.00217432
0.00926959
-0.0390619
0.0297923
-0.00577471
-0.000139284
-0.0016145
0.00161446
1.53683e-05
0.000779006
-0.0384225
0.0263513
-0.0296474
-0.0124258
-0.0172216
0.0486859
0.00713567
-0.0558216
-0.00117716
-0.0148886
0.000462348
0.0144263
-0.00830823
0.0190308
-0.0107226
-0.0461703
0.042436
0.00373433
-0.00537905
-0.0136873
0.017163
-0.0440122
0.0268492
-0.011037
-0.0136829
0.02472
-0.0275117
-0.028065
0.0112331
-0.0777066
-0.0975529
0.000894222
0.000612887
-0.00150711
-0.0417396
0.0130257
-0.00707038
0.00176181
0.00530856
0.0589216
0.444298
-0.383085
-0.0764741
0.00770999
-0.0468597
-0.0592855
-0.033519
-0.0251849
0.0171931
-0.0580276
-0.00888188
0.0181515
-0.016724
0.00784213
-0.00261793
0.0513038
0.00124761
0.0461521
-0.017597
0.0335892
0.00253273
0.0239173
-0.0198117
0.0111921
0.0259454
-0.0371375
0.0595522
0.11946
-0.210552
-0.00182791
-0.0308269
0.0193584
0.00679846
0.0065858
-0.00347393
-0.021011
0.0282144
-0.00720345
-0.0244849
0.000484947
0.00039748
0.0190907
-0.0363123
-0.0751409
-0.052911
0.00326955
-0.00356774
-0.0181321
0.00247017
-0.00861662
0.0187691
0.0484484
0.00667661
0.00167452
-0.00835112
-0.0212861
-0.0142754
0.0355615
-0.0818889
-0.0207197
0.102608
-0.0845068
-0.0958606
-0.0731387
0.000135584
-0.000744044
0.00336304
0.0280617
-0.0314247
-0.000534801
0.0385653
-0.121809
0.19785
0.0434828
0.0942428
0.0241675
-0.11841
-0.00161789
0.119931
-0.387031
-0.000510752
-0.000268253
-0.000813838
0.00108208
0.0258451
-0.00848271
0.0213584
-0.0174466
0.020895
-0.00151622
-0.0159304
0.0409198
0.0318256
-0.00136112
0.0005576
-5.96709e-05
-9.35009e-05
-0.000907336
0.0197771
-0.021536
-0.0377495
0.0188991
-0.027462
0.0483603
0.0480113
-0.0148038
-0.0539876
-0.0210422
-0.00280122
0.0171461
-0.0087059
0.00590467
-0.000583036
-0.00768972
0.00827274
-0.0132809
0.0126978
-0.0267635
-0.0243798
0.0479169
0.0783674
0.0221888
-0.00475465
-0.0174341
0.0127443
-0.0249595
-0.0289953
0.0482114
-0.0529917
0.00478033
0.00946142
0.03875
0.0589449
0.0182718
9.90512e-05
-0.00055158
0.000583459
-0.0103981
0.0143771
-6.05199e-05
0.00265912
-0.107968
-0.0193476
-0.00228784
0.000763957
0.00152388
-0.00234711
-0.00234212
-0.000464622
0.000133666
-0.0370426
-0.0177769
-0.0192657
0.000959395
-0.0145283
0.0545611
0.392318
0.000898378
-0.000536014
-0.0302679
-0.000304944
-0.000498951
0.00078155
-0.00474421
0.00108663
-0.00119703
0.000110377
0.000746892
0.000339743
-0.0168632
0.0138823
0.00298091
0.0176492
-0.055925
-0.0779947
-0.0016363
4.67542e-05
-0.0286219
-0.068931
0.0735442
0.0499326
-0.114406
0.11153
-0.0030212
0.0562265
0.230086
-0.0205106
0.0115661
0.00313352
0.000473634
0.0267589
-0.00284158
0.0201693
0.00454463
-0.0149231
-0.0266338
0.0165387
-0.0724637
-0.00102922
-0.00131789
-0.000282336
0.0171056
0.0110709
-0.0281765
0.0166159
0.099813
-0.116429
0.00355337
-0.0058487
0.00229533
-0.00313903
0.00669239
0.00501427
-0.0381143
0.0431286
0.00219585
-0.0403102
-0.00243554
-0.170178
0.171165
-0.112243
0.000986888
-0.0142253
0.00797658
0.0114459
-0.00775838
0.0266575
-0.00528989
-0.00986604
-0.0071035
-0.0670199
-0.126342
-0.0184695
0.0246591
-0.0228337
0.00543017
0.103039
0.0103845
0.0373757
-0.0488141
0.0454471
0.00166179
-2.12697e-05
0.00157397
-0.000572143
-7.39592e-05
-0.00479016
0.384157
-0.0880143
-0.00528627
-0.338086
0.024429
0.00120485
0.0336705
-0.00716026
0.00657728
-0.00586647
-0.00155139
0.0157034
0.0133076
-0.0282136
0.0139382
0.0501509
0.0765182
0.0222529
0.0343067
-0.0651035
0.0565596
-0.224836
-0.000228734
-0.00132079
0.00154953
-0.108506
0.0477551
-0.0034363
-0.137241
-0.00424415
0.0337743
0.0169122
0.00444614
6.81809e-05
0.0601761
0.0356296
0.0635263
0.0631984
0.099711
-0.00411933
0.0192202
-0.0151009
0.0100575
-0.0141768
-0.00625833
0.0163158
-0.00656054
-0.0133018
0.00438213
-0.0261114
-0.0210537
-0.0721137
-0.0156441
-0.039686
0.0017038
0.0726522
-0.574726
0.0162654
0.0212574
-0.00457185
-0.000300503
-0.00115339
0.00145389
0.000372345
-0.0169238
-0.0187794
0.0112907
-0.0606015
-0.0821375
-0.000660477
0.0095715
-0.00891102
-0.0202345
0.0273702
-0.0502516
-0.0262225
-0.110053
0.0727291
-0.253699
-0.269048
-0.202263
0.314279
-0.112016
0.0696918
-0.0407446
0.0216767
0.0328695
-0.0756404
0.107447
0.0373886
0.00348015
0.0408688
0.00243677
0.00817361
-0.0801026
0.0556982
-0.0706412
0.290518
0.249497
-0.0268023
-0.0014113
0.0343813
-0.0173098
0.0625636
0.00242536
-0.0133164
0.010891
-0.0117649
-0.000681186
0.0124461
-0.0146065
0.000590595
0.000458763
-0.00104937
-0.0350383
0.0208171
0.0503515
-0.0618446
0.0327544
0.421972
-0.184501
0.36682
0.0551522
-0.192116
-0.0180158
0.0108185
-0.0125037
-0.00777056
-0.0470845
-0.000804564
0.00471249
0.00750662
0.00860131
-0.0161079
-0.00831305
0.0158197
-0.00712748
0.0157288
-0.011328
0.00420054
-0.00288966
0.012712
-0.00982235
-0.000982933
0.00156327
-0.000580343
0.00210178
-0.00308472
-0.0137097
0.0106857
0.00732437
-0.00732435
-0.00305676
0.0103811
0.000577939
0.0016605
-0.00223844
-0.00134459
0.00192253
0.00807621
-0.0163893
-0.000420946
-0.000988583
0.00140953
-0.0110569
-0.00505102
0.00208124
0.0148575
-0.00132824
0.000661557
0.000666687
-0.00415591
-0.00649309
0.010649
-0.00153625
0.00153626
-0.00166544
0.00166544
0.00050851
-0.000508505
-0.00111207
3.12458e-05
0.00108082
-0.000721081
0.000721081
-0.00160291
0.00160291
-0.00761897
-0.0120357
0.0196547
0.0115707
0.01059
-0.0221607
0.00395172
-0.00144572
-0.000757606
0.000757602
-0.00130821
0.00130821
-0.00802157
-0.00656298
0.0145845
-0.00976564
-0.00156238
-4.07862e-05
0.0127501
0.000921437
-0.000921437
0.00813499
-0.0110247
-0.00157276
0.00157277
-0.00149286
0.00149287
-0.0109573
0.0109572
0.0120737
-0.0403745
-0.00528332
0.0217174
-0.0164341
-0.000765232
0.00076522
-0.00146935
0.00146934
-0.000419111
-0.00144288
0.00186199
-0.00135961
0.000940499
-0.000108102
0.000108105
0.0241816
0.00719431
-0.00491594
-0.0218864
-0.0146921
-0.0013615
0.00136153
0.00125283
-0.00261432
0.00204915
-0.000167415
-0.000125156
-0.000293212
0.00092886
-0.000635648
0.0053809
-0.00795737
0.000161642
-0.00180477
0.00164312
0.00105586
-0.00137869
0.00137871
-0.00147972
0.00147977
-0.00036503
-0.00941201
0.00977703
0.0162954
0.0027354
0.0219447
0.000244098
-0.00377498
-0.0339146
-0.0116127
0.0102014
0.0129003
0.0109858
0.0162633
0.0174636
0.017108
-0.0199674
0.0194285
0.000538962
-0.00584049
0.00584059
-0.00127545
0.00127546
-0.000624962
0.000624954
0.00206969
-0.00206964
-0.0295579
-0.0432313
0.0335173
0.0266154
-0.0601327
0.00395933
0.000417868
0.000471028
-0.000888895
0.00618606
-0.00032048
-0.00586558
-0.00486259
-0.0136161
0.0184787
-0.00973602
0.001675
0.000127951
4.50756e-05
-0.0275491
0.0774817
-0.072264
0.0304859
-0.00468464
0.0177103
-0.0110188
0.0067746
0.0139339
-0.0275665
0.0461988
-0.000495124
-0.0457037
-0.0163816
-0.0203627
0.0154222
0.0164034
0.00729422
-0.00283535
0.00162745
-0.00873095
0.0191915
-0.00132281
0.0012476
-0.00108361
-0.000163989
0.000855909
2.23208e-05
-0.000878232
-0.000391677
-0.000619262
0.00101094
0.00138724
-0.00197531
0.000588064
0.000867546
-0.00116076
-0.00105657
0.00126748
-0.000210911
0.000788108
-0.00065706
-0.000131047
-0.0017033
-7.338e-05
0.00177668
0.000480934
-0.00136904
0.000888107
-0.00787968
0.00905831
-0.00117862
0.00030726
-0.00116692
0.000859658
0.000939894
-0.000253864
-0.000686033
0.00605994
-0.00469463
0.00190403
0.00014135
-0.0019207
0.00119309
0.000727607
0.0108899
-0.000397596
-0.0104923
-0.00102379
-0.000911027
0.00193482
-0.00163937
0.00113325
0.000506117
-0.000298869
-0.000180977
0.000479846
0.000856177
0.000749046
-0.00160523
0.000375732
-0.000197544
-0.000178186
0.00104314
-0.00036933
-0.000673814
0.000197229
4.91928e-06
-0.000202148
0.000150765
1.53196e-05
-0.000166085
0.000113211
3.75543e-05
0.00788208
0.00168682
-0.0095689
0.000942268
-0.00196229
-0.00066412
0.00108199
0.000293567
-0.000957686
0.000348552
0.000981962
-0.00133052
0.000705429
-0.0013275
0.000622075
0.000309106
-0.00166872
-0.00113377
-0.00068436
0.00101677
-0.000332413
-0.000891082
-0.000751779
0.00164286
0.000939448
-0.00204017
0.00110072
0.000255842
0.00146906
-0.00172491
-0.00102567
0.00128151
-0.000175475
0.000457298
-0.000281824
0.00153801
0.000775609
0.000129953
0.00140806
-0.0146701
0.007466
-0.000901577
0.00140272
-0.000501138
-0.000607737
-4.21479e-05
0.000649885
0.000511055
-0.00134595
0.000834895
-0.00162775
-0.000285772
0.00191351
-7.98415e-05
-0.000399174
0.000479016
-0.0109364
-0.000768301
0.000514678
0.000253623
-8.49799e-05
-0.00172515
0.00181013
0.00171242
-0.0017974
0.00146615
0.000246269
0.000724249
0.00216956
-0.00289381
-0.00156359
-0.00240648
0.0015154
-0.000294037
-0.0010534
-0.00135061
0.000141143
0.0010084
-0.00114954
0.00119701
-0.00137447
0.000381966
0.0009925
0.00337526
-0.000764755
-0.0026105
0.000603476
0.00236081
-0.00296428
2.69399e-06
-0.000829193
-0.00122445
-0.0157491
0.00404858
0.00118485
-0.000420898
-0.00160062
0.000244035
0.00135658
0.00147975
-0.00238419
0.000904438
-0.00176352
0.000535181
0.00122834
-0.000616202
0.000717821
-0.00010162
-0.00260841
-0.00646652
0.00907493
-0.000935134
-0.000171522
0.00110666
0.000224472
0.00113903
0.000113798
0.000522862
-0.00201689
0.00149401
-0.01063
-0.00444391
0.00920489
-0.00558322
-0.00362167
0.000608474
-0.000404818
-0.000203656
-0.000483388
-0.00213094
-0.00182812
0.00134472
0.00103057
-0.000854305
-0.00089269
8.5994e-05
0.000806696
0.00136203
0.000298473
0.00239551
-0.00131263
-0.00108287
-0.00498849
0.00522444
-0.000235951
-0.00530084
0.00031235
0.000274776
0.000465003
-0.000739779
0.000290095
0.000779039
-0.000779041
-0.000548073
0.000692966
-0.000144894
-0.000734679
0.000186605
-0.00143972
0.00143971
0.0108263
-0.0154947
0.00466843
0.000140316
-0.00047376
0.000333445
-0.000293378
0.000433693
-0.000564705
-0.000646412
0.00121112
0.0034137
0.000829204
-0.0042429
-0.000742724
-0.000982422
-0.00207257
0.00132984
-0.00192814
0.00182845
9.96845e-05
0.00144802
-0.000310905
-0.00113711
0.00036116
0.00136026
-0.00172143
0.00110278
-0.0011028
-0.00063342
0.00166399
0.00268828
0.000577092
0.00116454
-0.002345
0.00118046
-0.00399345
-0.0013074
-0.00322302
-0.000770434
0.00448712
0.00342871
-0.00791582
0.00137931
-0.000214772
0.00054886
0.00115563
-0.000606771
-0.0099271
0.00011938
0.000382819
-0.000502198
-4.98855e-05
-0.000500387
0.000550272
-0.00106971
0.00106971
0.00479239
-0.0220816
0.0172892
-0.0141922
0.00184424
-0.00124078
-0.0015442
-0.000850965
0.00239517
-0.000305009
0.000305006
-3.43237e-05
-0.000270684
-0.00194961
0.000152207
-0.00120184
0.000218795
0.000983045
-0.000252238
-0.000949606
0.000932429
-0.000713635
-0.000114498
0.000114501
5.86078e-05
-0.000173105
0.002231
-0.00133864
-0.000892359
0.00205467
-0.00028715
-0.00176752
0.000605358
0.00155396
-0.000260229
-0.00129374
0.000729303
0.000824657
-0.00114451
3.90113e-05
-0.000292294
-0.000852217
-0.000316052
-0.000554596
0.000870648
0.000666992
0.0137172
-0.0214756
0.0217934
0.00117088
-0.00117089
0.00228388
-0.000342859
-0.00194103
0.0018151
-0.000773987
-0.00104112
0.000378
-0.00101366
0.00063565
-0.000844486
-0.000578865
0.00142335
-0.00128009
0.000435603
-0.00901488
0.00587584
-0.000156209
0.00074387
-0.000587661
0.000536758
5.89998e-05
-0.00163308
-0.000711924
-0.00184374
0.000210667
0.00057568
-0.000967357
-0.00206847
0.01394
-0.0190013
0.0169328
0.00171092
-0.00115484
-0.000556084
0.00162403
8.68891e-05
0.00104927
-0.000257059
-0.000792214
0.000390603
-0.000566078
-0.00210701
0.000627312
-0.000634516
0.000941782
0.00429195
-0.00348164
-0.000810313
0.0039393
0.000352644
0.0016554
-0.00014579
-0.00150961
-0.000268739
0.000945534
-0.000676796
0.000955801
-0.00157743
-0.00164757
0.00164758
-0.00052746
-0.00112011
0.00180914
-0.0287025
-0.0031364
0.000270226
0.00286617
-0.000492716
-0.000568858
0.00106157
-0.00177281
0.00140752
-0.000201566
-0.00120595
-5.34003e-05
0.000211815
-0.000158412
0.00144361
-0.000754536
-0.000689071
-0.000239776
-0.0012706
0.00151037
0.000626752
-0.00165242
-0.00134856
0.000696028
0.0016842
-0.00238023
0.00341008
-0.00393152
0.000521442
-0.00118515
0.00459522
-0.00161369
0.00161371
-0.000950066
0.00055141
0.000398656
-0.000139624
-0.00334201
0.0011925
7.49769e-05
0.00119248
-0.000843928
-0.000764134
0.00216415
-0.00140001
-0.000432872
-0.00136336
0.00179623
-0.000517735
0.000988764
0.00190149
-0.00192204
-0.000349739
0.000220187
0.000129541
0.000723079
-3.57172e-05
-0.000687369
0.000974607
-0.000951508
0.00164051
-0.0013576
-0.000282911
-0.00107934
-0.000593876
0.00167322
-0.00233731
0.00157208
-0.00132108
0.00132108
0.000747125
-0.00206821
-0.00684453
-0.00471576
0.0115603
-0.0134075
0.00125507
-7.4634e-06
-0.000328326
0.00195493
-0.00162661
0.000658656
-0.00127192
0.00061326
0.00119752
-0.00266688
-0.000999543
0.00146839
-0.000468848
0.00983175
0.0138471
-0.0122499
-0.000701674
-0.00153677
0.000903006
-0.00228169
0.00134557
-0.0011001
-0.000245476
-0.00221544
0.000198549
-0.000179615
-0.00214387
0.00178364
-0.00115493
-0.000628705
0.00137233
-0.000405201
-0.0027401
-0.0141231
0.00514198
-0.00140479
0.000848708
-0.00161158
-0.00185517
0.00346675
-0.0031183
0.00150672
0.000769005
0.0015123
-0.00228131
0.00164415
-0.00284377
0.00357333
-0.000729552
-0.00114853
-0.00169524
0.000442984
0.000917269
0.000480414
-0.000601436
-0.0001789
0.000780335
-0.00127303
0.00179622
-0.000523193
-0.00229839
0.000725628
0.000796018
-0.00207148
0.000665484
0.000782532
0.00152166
-0.000222754
0.000680053
0.000465158
8.1527e-05
-0.000546686
-0.00177358
0.00177357
-2.32385e-05
-0.00175034
-0.00124271
0.00121947
4.79199e-05
0.00170154
0.00165183
0.00121497
0.000502431
-0.00171742
-0.00214692
0.00336188
0.00173926
-0.00236423
-7.34187e-05
0.000808471
-0.000735054
-0.000728961
0.000127525
-0.000263958
0.00122152
-0.00194259
0.00102958
0.000863227
-0.00189282
0.000200388
-0.00057306
-0.00130445
-0.000449905
-0.00012316
-7.19144e-05
-0.0170726
-0.00531253
0.00279926
-0.00055581
-0.00224345
0.0013064
-0.00182619
0.00127037
-0.00164214
0.00145051
0.00148813
-0.00203212
0.000543993
-0.000154015
0.00583511
-0.00388498
-0.00195014
-0.000728049
0.00229132
-0.00173843
0.000980816
-0.00202599
0.000287558
-0.000281482
0.000981952
-0.000700471
-0.000135876
0.00165976
0.00078802
-0.00232427
0.000700328
-0.0012724
0.000572074
0.000991196
-0.00265663
0.00155837
0.000355607
-0.00191398
-0.0017127
0.000642983
-0.00031671
-0.00139599
0.000539198
0.000855389
-0.001289
0.000433607
-0.00752517
0.000364902
-0.00094789
0.000442326
0.00138863
-0.00183095
0.0018837
-0.00144137
-0.000696558
0.00116879
-0.000472239
0.00307336
-0.00294341
0.00185653
0.00121684
0.000634189
0.00124951
0.000560957
-0.00141517
0.000854214
0.00140558
-0.000844627
0.0116581
-0.00508481
-0.0065733
0.00482275
0.00122358
-9.54973e-05
-0.00112808
0.004078
0.00115833
-0.00523633
-0.0102733
-0.00334287
0.00687277
-0.00286326
0.00222673
-0.00157329
0.00162534
-5.20494e-05
0.000279078
0.00025768
-0.000489223
-0.00142669
0.00105667
-0.000895396
0.00122974
0.000893083
-0.00178849
-0.00175706
0.001665
-0.00166501
-0.00133719
0.000128182
0.00120901
0.000555667
-0.000134182
-0.000421486
-0.00159413
-0.00425458
0.000196423
-0.00179055
-0.00967433
0.00227174
0.00740258
-0.00488635
-0.00478798
-0.00236837
0.00223192
0.000136447
0.000758533
-0.00128599
0.00129043
-0.000531901
-0.000866833
0.00194554
-0.0010787
-0.000645466
-0.00152955
0.000615889
0.000913665
-4.73361e-05
-0.001061
6.42571e-05
-0.00159381
0.0021019
-0.00146771
-0.00102406
-0.00126064
-0.000326016
0.00158666
-0.0022847
0.000865775
-0.00136656
0.000500784
0.000496262
-0.0015756
0.00308864
0.000484683
0.00160452
-0.00329977
-0.000530565
-0.0031688
0.00369934
-2.69846e-05
-0.000781817
0.000808801
0.000373457
-0.00197637
-0.000967807
0.00189693
-0.000929122
-0.000822966
-0.000579868
-0.00349513
0.00196676
-0.000597654
-0.0013691
-0.000185717
0.00113679
-0.000951075
-0.000529711
0.000616674
-8.69624e-05
-0.00288337
0.031208
0.0200581
0.000375009
-0.000624506
0.000249496
0.000480459
-0.00010545
-8.17969e-05
-0.00108256
0.00116436
-0.00109654
0.0119229
0.0184753
-0.0195718
0.0420574
-0.0235821
-0.0112286
0.0199794
-0.0107031
-0.0082982
-0.0166125
0.010772
-0.014492
0.0145293
-3.73301e-05
0.0123915
-0.00146305
0.00286508
-0.00140203
-0.000162615
-0.00167575
0.00183835
-0.00162567
-0.00393152
-0.000559479
0.000644198
0.00120515
-0.000734631
-0.000470525
0.000480542
-0.00146296
-0.000892557
-0.00277441
0.00188184
-0.000541368
-0.000349958
0.000891304
-0.000709631
0.00207092
-0.000394022
0.00186327
-0.0022573
-0.0010321
0.000778029
-0.00181965
-0.00158408
0.00101084
-0.00231905
0.00111435
0.000291233
-4.18522e-05
0.0011562
0.0219684
0.00929461
0.0101518
0.00922755
0.00166234
0.0109991
0.0118955
-0.0228947
0.0309785
-0.000216988
0.000342873
-0.000125887
-0.000754245
-0.0329428
-0.019774
0.0150583
-0.0165505
-0.00322349
-0.000674983
-0.00057127
0.00124625
-0.00088372
-0.000160647
-0.00843237
0.000182205
0.00091224
0.000280262
0.00100436
3.2586e-05
0.00108662
0.00105183
-0.00101924
0.00625243
-0.00972726
0.00347484
0.000222133
0.000821011
0.018353
-0.0159276
0.00842587
0.00791351
-0.0131968
0.0181753
-0.000660498
0.00106251
-0.000402014
-0.000364493
0.0011947
-0.00115583
0.000539623
-0.0450597
-0.123054
-0.0751762
-0.000905832
-0.000548104
0.00145394
-0.00895021
0.0568748
-0.0479245
0.0272755
-0.00497849
-0.00611504
0.0110935
-0.00107159
-0.00103948
-3.21094e-05
-0.0136146
-0.00570109
-0.000101973
-0.000491714
0.00142571
-0.000934006
-0.00111682
-0.000279757
0.00128627
-0.000734178
-0.00055209
0.00258008
-0.0167031
0.0350665
-0.0179035
-0.0153234
0.0451549
0.00136392
-0.00153842
0.00158839
0.000408846
0.00160213
-0.00201098
0.00429706
-0.00108797
0.00152447
-0.00041638
0.000535761
-0.0101218
0.0189486
-0.00181547
0.00215522
0.000327666
-0.00202149
0.00169382
0.00231769
-0.00199003
-8.11909e-05
-0.00164024
-0.000835728
0.00132659
-0.00120143
-7.8658e-05
0.000141528
0.000873375
-0.00383975
-0.00429703
-0.00183984
-0.0025364
-0.00302811
-0.00302498
0.00148077
-0.00116845
-0.000138123
0.000364911
0.00104261
0.00194442
-0.00157951
0.000820881
-0.00166265
0.000841766
-0.000548128
-0.000835107
0.00138323
0.00052826
-0.00107639
0.0113067
0.0104272
0.0148733
-0.00145602
0.00624919
-0.00283549
-0.00252196
0.000856942
0.00226941
0.0021745
-0.015582
-0.00224862
-0.00109339
-0.00193627
8.67082e-05
0.000915016
-0.00100173
0.00119661
-0.000973864
0.00128331
-0.00692601
0.0083361
-0.00141009
-0.00811116
0.00203331
7.03498e-05
-0.00210366
0.00026979
-0.00650862
0.0198152
-0.0133066
-0.00781602
0.00820254
0.00121299
0.00711766
0.000216846
-0.000247779
0.000107482
-0.00243374
0.00141345
0.000656205
0.00679436
0.0167272
-0.000122922
0.0162258
0.0300729
0.036826
-0.0276475
-0.00107342
0.00122526
-0.000151843
0.000563347
0.000388137
-0.0119484
0.0115508
-0.00146032
-0.000353664
-0.00110667
-0.00127756
0.00092389
-0.000651303
-9.19548e-06
-0.000570466
-0.00184803
0.00329059
-0.000602315
0.00357602
9.61267e-05
0.0034799
0.00079353
-0.000697403
4.97433e-05
-0.00151271
0.0102652
-0.0158484
0.00033723
0.111734
0.0182812
0.000160769
-0.00121417
0.00162692
-0.0029594
0.00342175
0.00153369
0.00180804
-0.00528379
0.0816663
0.0180446
0.00649021
0.000815945
-0.0118017
-0.00818219
0.0094215
0.00876206
-0.000607365
-0.000606922
-0.0160056
0.000672272
0.00146193
-0.00460377
0.0010302
0.00233202
0.00443437
0.0388793
-0.0180939
-0.0192164
-0.0104528
-0.00593645
-0.00163011
-0.00544028
-0.0402854
0.0335494
0.000807606
0.00100044
0.000710785
0.000645566
-0.000383662
0.000262393
0.0020553
0.00156454
-0.00130214
0.000228692
-0.000746428
0.000690791
-0.00150111
-0.00134961
0.000980282
-0.000400519
-0.000949092
-0.00281155
0.00178776
0.000290641
-0.000709106
0.000999747
-0.000153439
0.000158385
0.00132239
0.000748978
-0.00075018
-0.000173703
0.000223774
-0.00660186
-0.00526219
-0.0205856
-0.0295314
0.00894578
-0.000107606
0.000942096
0.000560387
0.000234414
-0.000794801
-0.0191494
0.0239041
0.0215097
-0.00130749
0.000586893
0.000720601
-5.98363e-05
-0.00124766
3.41707e-05
-0.00468326
0.00464908
-0.00481356
-0.000670196
0.00796659
0.00139328
-0.0107983
-5.60574e-05
0.000865007
-0.00080895
0.000656161
0.00366031
0.00392304
-0.000443146
0.00035038
-0.0220392
0.00318356
-0.00156379
-0.00161977
0.000220027
0.00153236
0.0106197
-0.00201221
0.00111445
0.000897762
-0.00155345
-0.0255328
-0.0115947
-0.0603394
-0.0149019
-0.0752413
0.0190168
0.00676695
0.0159945
0.000197086
-0.0085482
-0.00159542
0.00172495
-0.0981214
-0.0715069
-0.0169458
0.00132921
-0.00172702
0.00193498
-0.0011141
-0.0013081
0.000373778
0.000934305
-0.00165806
0.00141981
-0.00104603
0.018489
-0.00555248
0.000226962
-0.00282136
0.00330604
0.00121871
0.000261043
0.000990606
0.000228102
-0.0194894
-0.0154408
-0.0136774
0.0157533
-0.00207591
-0.00196801
0.0279969
-0.00676735
-0.0157822
-0.0701042
0.0847095
-0.0311631
0.00031554
0.0018486
-0.00170595
-0.00810364
0.0110879
0.027412
-0.0163241
-0.0279987
-0.00834397
0.00302944
-0.0113734
0.0349537
0.0147512
-0.0497049
0.0629256
-0.000966844
-0.000128509
0.000519112
0.000947238
-0.00107575
-0.000137073
0.000656186
0.00180336
-0.000260489
0.00206385
0.0018826
-0.00118228
0.00059479
-0.000814817
-0.170229
0.0469809
-0.00142013
-2.89647e-05
0.000525786
-0.00109793
0.000572142
-0.00053744
0.00106322
0.00088454
0.000697175
-0.00123462
0.00229693
-0.000957052
0.00219495
-0.00159847
-0.00270513
-0.00209593
-0.000609204
-0.000664489
4.5227e-05
0.00034426
-0.000567014
-0.0233557
-0.00475778
0.0113436
-0.00454177
0.00796353
0.00207155
0.00865102
-0.0223383
-0.00121165
-0.00159991
0.01131
-0.00855993
-0.00275007
0.032032
0.0063563
-0.00199642
-0.000371953
-0.303021
0.185433
0.00281596
-0.00112214
0.000531254
0.00179934
0.000798474
0.00227074
-0.000471404
-0.0104813
0.00989863
-0.0203799
0.0115167
-0.0016181
-0.000878017
-0.00302494
-0.00995355
-0.000533699
0.00130344
-0.00076974
0.000160162
-0.000693861
-0.000720358
-1.9421e-05
-0.000560196
-0.000551934
-0.00160595
0.00215788
-0.00225789
0.000461678
-0.0014356
0.000973918
-0.00141095
-0.000711669
0.00212262
-0.00120222
-1.55889e-05
-0.00121781
-0.00294919
-0.000349473
-0.00283662
-0.00349839
0.0141841
-0.0346049
0.0188701
0.000591584
0.00137518
-0.000985847
-0.00252197
-0.000538776
-0.00172821
0.00261275
0.00241791
-0.00161944
0.00157431
0.0008436
-0.00371765
0.00226699
-0.000565451
-0.000755341
-0.00539243
0.00389374
-0.00182823
0.045746
0.000376345
-0.00135068
0.0187462
-0.0273628
-0.0135322
-0.0387171
-0.0114416
-0.0201446
-0.0907859
0.1342
-0.155012
0.00795613
0.00496632
0.0224039
0.000255611
-0.00121375
0.000958144
-0.00124904
-0.00519222
0.00644122
-0.0157774
-0.0191543
0.0266404
-0.00241723
0.00167699
-0.000740244
-0.00148077
0.000415065
0.0010657
-0.000290709
0.0139861
0.017803
0.00066725
1.16475e-05
-0.00520388
-0.0055632
-0.000489717
0.00464859
0.00718297
-0.00282627
-0.00247362
-0.00178283
0.000293291
-0.00248113
-0.000500033
-0.0598402
0.0284154
-0.00853642
0.00126877
-0.00289469
0.00280195
-0.00192008
-0.29248
-0.228208
-0.00607923
0.00850693
0.00164487
-0.00144142
0.00175752
-0.000316096
-0.0133767
-0.00442634
-0.00879496
-0.00080854
-0.00118788
-0.00206962
0.000356036
0.00843892
-0.0675447
0.00123588
-0.000499817
0.000239603
-0.000809763
-3.4155e-05
-0.00234692
0.0450632
0.0482513
-0.210739
0.556623
0.00103942
0.000142038
-0.00118145
0.0147943
0.00833343
-0.00736665
0.00698312
0.000383534
0.0067725
0.00341694
-0.00381389
0.00165988
0.0825475
0.000726459
-0.00116636
-0.000886659
0.00168988
-0.00080322
-0.00179769
0.0379477
-0.0236168
0.00113151
0.000524726
0.0921
-0.0144141
0.000803327
-0.000675382
0.0363411
0.0422369
-0.0512261
-0.000295052
-0.00127235
0.000194411
0.00107796
-0.00765596
-0.00110705
-0.000135669
-0.000596969
-0.00104327
-0.00147757
-0.000356581
0.00222008
-0.00186349
0.000629852
-0.00130687
0.000677016
0.0011715
-0.000541643
0.000515337
-0.000425083
-0.00187111
-0.000224827
0.000290509
0.00908922
0.00421335
-0.0129959
-0.000546127
0.000587788
-4.16569e-05
0.0042544
0.000522602
-0.00121682
7.74081e-05
-0.00129423
-0.00174285
0.00182025
0.000927387
-0.000580095
-0.000347292
0.000837331
0.00431013
-0.00121238
0.00140036
-0.0172883
-0.0853201
0.018035
-0.0118873
0.00171117
0.000649641
-0.0102489
-0.00424305
0.000900166
1.48499e-05
0.0148111
-0.000318695
0.000605195
0.00175686
0.00140028
0.0893622
0.0495788
-0.0464482
-0.0171385
0.00590539
0.00248741
0.033542
0.00419967
-0.00249389
0.000791766
0.00170211
0.00223317
-0.00241279
-0.000910907
0.00239796
0.00026671
0.0486564
-0.104302
-0.000525691
0.000657174
-0.000131483
-0.00153271
0.0013218
0.0263755
0.038728
0.0362449
-0.131421
0.328148
-0.216132
-0.0295328
0.000357139
-0.000991469
0.000789903
-0.207203
0.0167982
-0.000975201
0.000134065
-0.00172005
-0.00050373
-0.00102075
-0.000818798
0.00147468
-0.000655884
-0.00206452
0.00124572
-0.0265102
0.00669853
-0.00835875
0.00790798
-0.0103435
0.0116876
0.0289769
-0.00543199
2.40052e-05
-0.005456
-0.0214336
-0.0217584
0.00124265
-0.00698011
-0.00145894
-0.000746435
-0.000678897
0.00120525
0.0175077
-0.0338689
0.00483057
0.000593412
-0.000732687
-0.00061611
-0.000665944
0.00128205
0.00106735
0.00767149
-0.0106641
-0.00607566
0.000540202
-0.273689
0.00851366
-0.00406452
1.34755e-05
-0.00128611
0.000384134
0.000901975
0.000288578
-0.00112431
0.000840205
-0.000551628
-0.00320382
-0.000803074
0.0040069
-0.00292994
-0.0121549
0.0484961
0.0514291
-0.00505884
0.00882342
0.00536041
0.00243376
0.000160294
0.000942401
0.00114766
-0.0012075
0.000545655
0.000602004
0.000386135
-0.00145622
0.00107009
-0.000781001
-0.000365936
0.00114694
-0.000858062
8.83223e-05
-0.000259384
0.000205983
0.000428519
-5.27874e-05
0.000348679
-0.000877241
-0.00232658
-0.00221634
0.00212809
-0.000276549
-0.00185154
0.000306813
0.00182127
-0.000484463
8.52886e-05
-0.000724109
0.00482285
-0.00409874
-0.00136909
-0.000986272
0.00245508
-0.0016168
0.000835796
-0.00107114
-0.0014938
0.00173925
-0.000245444
0.00259209
-0.002015
-0.000578107
-0.024751
0.00156948
0.00174747
-0.000177994
0.00135687
0.000419808
-0.000454838
0.00181171
0.00598709
-0.00149997
-0.000715992
-0.000512505
0.0012285
-0.00227958
0.00775734
0.006772
-0.0410874
0.00465854
0.00144041
-0.000864733
-0.000391614
0.00123233
-0.00162394
-0.00102556
-0.000362331
-0.00261135
0.000971977
0.000448261
-0.000952002
0.00140026
0.00104806
-0.00167928
0.000631218
-0.00127367
0.00232173
0.000225284
0.00108067
-0.000692133
-0.0021745
-0.00104853
5.6501e-05
0.000882289
0.000769541
-0.00105174
0.00193403
0.000651139
0.0013583
-0.00200944
0.00206238
-0.00141124
0.0017496
-0.0020605
0.000629825
-0.00176239
0.00113256
0.00157032
0.000811875
-0.000839412
2.75358e-05
-0.00047712
-0.000915798
0.00176966
-0.000853862
0.000546573
-0.000908189
0.000361615
-0.000551355
0.000130428
-0.00157015
0.000861573
-0.000731151
0.000787037
0.000961406
-0.00174845
-0.00112156
0.000973574
-0.00225315
0.00127957
-0.000486951
0.00146052
-0.00124916
0.00090481
0.00034435
0.000772282
-0.00135878
0.00213105
-0.00144645
-0.00129264
0.00198081
-0.000688177
-0.000961988
0.000664932
-0.000269093
0.00177581
0.000318695
7.71594e-05
-0.000118815
0.00134224
3.70774e-05
0.0010153
0.00032694
-0.000829056
0.000262977
-0.00117559
0.00201686
-0.000841269
0.0017586
-0.000934394
-0.000824202
-0.000282535
0.00147562
-0.00118837
-0.000675927
-0.00124096
0.00191689
-0.00122403
0.000165897
-0.000498593
-0.00411979
0.00416733
-0.00159116
0.000520014
6.42399e-05
-0.000627957
-0.00107778
0.00170574
0.00143442
-0.000698914
0.000213258
0.000485656
-0.000654773
-4.41413e-05
-0.000946135
-9.12218e-05
0.00103736
-0.000622235
0.00156464
-0.00101005
0.000387816
-0.00519784
0.0240679
0.00483722
0.00271445
0.00053725
-0.000406449
-0.000130802
-0.000452621
0.00143458
0.000602476
-0.00168084
0.00234053
-0.00173805
-0.0161028
-0.00174477
-0.00259343
0.000852075
0.000923738
0.00293453
-0.00208245
-0.00125135
-0.000506533
0.00175789
-0.000603993
6.09443e-05
-0.00233615
0.00239709
-0.00484522
-0.00554252
-0.000362854
0.000841869
0.00120313
-1.82779e-05
-0.00171043
0.00464776
0.00160143
0.000244896
-0.00124619
0.00100129
0.000947489
-0.000702593
-0.00228807
0.00215219
0.0118888
-0.0190848
-0.00040516
-0.000887148
0.00129231
0.00238402
-0.000840132
0.00304992
-0.00220979
-0.00317628
7.78542e-05
0.000377834
0.00127095
-0.00089312
0.00141104
0.000313052
-0.0017241
-0.00130387
-0.000103995
0.00140786
0.000676947
-0.00115863
0.000706007
-0.0256234
0.00147598
0.000183784
0.0014577
0.00382817
-0.000967902
0.000357296
-0.0013252
-0.00145272
0.000359331
-0.000183142
-0.00126958
0.000246623
-0.00161318
-0.000465714
0.000712338
0.0148167
-0.000993311
-0.00478659
0.00805546
0.00120693
-0.00197736
5.93223e-05
-0.000466655
0.000407333
-0.0074217
-0.000999056
2.84567e-05
0.000970599
0.000946677
-0.000804652
-0.000142025
0.00080699
-0.00183255
0.00194472
-0.00113773
0.00021256
-0.000317152
0.000545247
-0.000331989
0.00030226
0.000242987
-0.00118663
-0.000152009
-0.000324191
0.000338764
0.00137791
-0.00103914
0.000375738
-0.00129154
0.000464609
-0.00153803
-0.00101616
-0.000305767
-0.000602422
9.92026e-05
0.00224897
-0.00155724
-0.000691728
0.000958579
0.00105828
-0.00110594
0.000525325
0.00133109
-0.00185642
-0.00133188
0.0018572
-0.000466369
0.00592501
-0.00550254
0.0114276
0.00131772
-0.000935425
0.000562799
-0.00166874
0.0015534
-0.00171316
-1.31049e-05
0.00172627
-0.000659357
0.000465295
0.000194061
0.000479141
0.000652084
-0.00113123
-0.000470926
0.000390824
0.000987085
-0.000807675
0.0011985
0.00048271
0.00127261
0.000558337
0.000666923
0.000973402
0.00100155
-3.63105e-05
0.00103786
0.00149237
0.000382275
1.71978e-05
-0.000399473
0.000504106
-0.000121831
0.000410955
0.000859995
-0.00118214
0.00159309
0.00213943
-0.000823828
-0.00131561
0.000594001
-0.000249819
-0.0004049
-0.00170212
0.00102488
0.00107909
-0.00210397
-0.000665826
0.00132448
-0.000536658
-0.000548783
-0.00212132
0.0026701
0.0011411
-0.00107703
-0.00175905
0.00068202
-0.000588686
-0.00170971
-0.00179211
0.00120343
-0.0211897
0.00133095
0.00045774
-0.00178869
-0.00087321
0.00193149
0.00106082
4.0195e-05
0.000907294
-0.000771687
0.00130705
-0.000133972
0.00144102
0.000791751
-0.000154384
9.22664e-05
-0.00109181
-0.00102449
-0.000166725
-0.00093086
0.00109758
-0.000674587
0.0010362
0.000113521
-0.00208586
0.000458118
-0.000200097
-0.000311678
-0.000382183
-0.00116974
0.00123631
0.00136364
0.000371718
-0.000969372
0.00162311
6.5576e-05
-0.00100859
0.000943016
-0.00072589
-0.000608785
-0.000117105
0.000864563
-0.000998535
0.00154158
-0.000609354
0.000562142
0.000318167
-0.000674283
0.00102524
-0.000350961
-0.00123092
0.000556638
-0.000381429
-0.000379244
0.00136369
-0.000137413
-0.000824316
6.79064e-06
0.00118568
0.0010729
-0.0013657
0.000292805
-0.000641893
0.00171479
0.000494166
-0.00185987
0.00155499
-0.000378297
0.00119579
-0.00081749
-0.000943002
0.000172978
-0.000310509
0.000137534
0.00048429
-0.00167266
-0.00073974
0.0112631
-0.00114326
-0.00106155
-8.17088e-05
-0.000752733
-0.000651592
0.00140432
-0.00133632
0.000583582
0.00209131
-0.00179774
-0.000310875
0.00103848
0.000781545
-0.000216091
-0.0010301
0.000865895
-0.000944478
0.000278067
0.000202393
-0.000561755
0.000839822
0.0012344
-0.00415697
0.00292258
-0.000968076
-0.000726683
0.00169476
0.00120734
-0.00195303
0.000745689
-0.000521656
-0.000129647
0.000538815
0.00108925
0.00106294
0.000314073
-0.00120297
-0.000643613
-0.000458656
-0.000862246
0.0013209
-0.00128281
0.000824148
-0.000503979
0.00164221
0.000220809
0.000379327
-2.07518e-05
0.00136187
-0.00134111
-0.00098716
0.000340748
0.00123023
-3.44488e-05
0.00109033
-0.00104198
0.000271259
0.000797255
0.00187635
0.000734405
-0.00151122
0.000776812
-0.00109179
0.00214709
-0.0021928
0.000789849
-0.000659715
-0.000130136
0.0026852
-0.00237838
0.00132759
0.000530537
-0.000228277
0.000325677
0.00020486
-0.00116104
-0.000366291
-0.000794754
-0.00117352
-0.00436899
-0.006423
0.000556525
0.000456513
-0.00134963
0.00161155
-0.00115504
-0.000425486
-0.000509648
-0.000770869
0.000345383
-8.9339e-06
0.00157347
-0.00111711
0.00110817
-0.000976707
-0.00219957
-0.00271476
-0.00230109
0.00182483
-0.00098194
0.00206798
0.000142013
-0.00064421
0.000389012
-0.00311434
7.24259e-05
0.000645395
-0.00121369
0.000488695
-0.000526832
0.00092579
0.00116983
0.00146592
0.000504743
0.00195694
-0.000491022
-0.000405176
0.00165468
-0.00124971
0.000844533
-0.0001322
-0.00111696
-0.00242312
0.000913513
-0.000601848
0.000555056
-0.000588261
3.32047e-05
0.000149782
0.000405273
-0.000387833
0.0014077
0.010318
-0.000354333
-0.000871273
0.00122561
-0.00084282
0.000550528
3.88325e-05
-0.00156219
0.00152336
-0.00137212
0.000328236
-0.000923117
0.00115782
0.00094408
0.00102562
-0.000788092
-0.00189244
0.00314981
0.00255531
0.000505963
0.00022414
0.000637266
-0.0011179
-0.00116768
0.000553713
0.000558091
-0.00177182
-0.00115507
-0.00122189
-1.90711e-05
0.0162293
-0.00164486
-0.0010699
0.00128967
0.000807598
0.00177022
-0.00145717
0.000669843
0.000921479
-0.00159132
0.00106761
-0.000397763
-0.0589654
0.000498824
0.00104275
0.00106097
-0.00224111
0.000836315
-0.0508682
-0.00138682
0.000570124
0.000424295
-0.000879625
0.00130392
0.00502982
-0.00109272
-0.000732138
-8.53522e-05
-2.73681e-05
0.000152667
-0.000412052
0.00107641
-0.000629868
-0.000972449
-0.000356679
-0.00142217
0.000139361
-0.00591101
-0.00993741
0.00242509
-0.0007326
0.000335007
-0.00189299
0.0101846
0.00554415
-0.000667094
0.000665243
1.85179e-06
0.00036229
-0.000266626
0.000928182
-0.00093372
9.47083e-06
0.000993222
-0.00100269
0.00050356
-0.000765696
0.000262135
0.00903308
-0.00867078
0.000594609
-0.00106032
0.00181801
-0.0012234
0.000177457
0.000487785
-0.000756143
0.000765614
-0.000622948
0.00112651
0.000370273
-0.00375413
0.0127872
0.0148495
0.00617875
0.00409225
-0.00448752
0.00857977
0.000286931
0.00153108
0.00122983
-0.000300973
-0.000289197
0.000336247
-0.000625445
0.00150789
-0.00108507
-0.000422819
0.000804546
0.000751363
-0.00155591
0.00136629
-0.000561741
-0.00119299
0.000464939
-0.0028425
-0.000551183
0.000455857
-0.00104462
0.000588764
0.00207888
-0.00148858
-0.000590298
-0.000357824
0.00846736
-0.00810953
0.00180229
0.00901126
-0.00720897
0.000171244
-0.000242893
-0.00031636
0.000559254
0.00115187
-0.00227752
0.00112565
0.000311985
0.000917849
0.00115644
-0.000844453
-0.00375078
0.00365179
0.00864048
-0.00246173
-0.000841624
0.00849091
-0.00764928
0.00458741
0.00718708
-0.00259967
-0.00177333
0.000538346
0.00131695
-0.0018553
0.000422442
-0.00207591
0.00165347
0.000391679
0.00111621
-0.000689091
0.00108077
0.00108101
0.00123511
-0.00231612
0.000358078
0.0017208
-0.001512
0.00187007
0.000121654
0.000911939
-0.00103359
0.000577512
-0.00463388
0.00427606
0.00486807
0.0133354
-0.00236453
0.0005912
0.000668382
-0.00194425
0.00127587
0.000695007
0.000671279
-0.000670025
0.00136503
-0.00050052
-0.000130141
0.000262723
-0.000763243
-0.00238909
2.45547e-05
-0.000875374
-0.000410435
0.00102119
0.00755858
0.00820827
0.00061722
-0.00129458
0.00067737
0.000837201
-0.000506857
0.00134406
0.00230252
-0.000351568
-0.00116043
-0.00125067
0.0016264
0.00221168
-0.00183825
0.000398764
-0.0012123
0.000813534
0.000142801
0.00154918
0.00089199
-0.00148275
0.000590762
0.00012863
0.00102324
-0.00189955
0.000535778
0.00136377
0.000481493
-0.000994625
0.00147612
0.000730189
-0.00153873
-0.00025752
0.00141396
0.00143503
-0.00100715
0.00168265
0.000619872
0.000497947
0.00173305
-0.0116096
-0.012774
0.00145582
-0.0012008
0.000356348
0.00333732
-0.0079712
0.00239548
-0.00960445
-0.00571405
-0.000855717
0.000166626
0.0018659
0.000475862
-0.00114589
0.000421412
0.000843854
-0.000701156
0.000375694
-0.0014898
0.00184246
-0.0006946
-0.00522261
-0.00152599
0.0148614
4.49339e-05
0.00123838
0.0009451
-0.00047329
0.00108918
0.00131285
0.000898815
0.00124454
0.000352802
-0.000800234
-0.00160345
-0.000348827
-0.00144886
-0.000442138
-0.00187902
-0.000510066
-0.000642219
-0.000617665
0.00158623
0.00015303
0.00220381
-0.000813788
-0.00139003
0.00154507
0.00083966
-0.000765576
-0.00077411
-6.11888e-05
0.00142622
0.00133729
-4.68619e-05
-0.000576135
0.00848218
0.00102928
-0.00131076
-4.94948e-05
8.9587e-05
0.00111089
-0.0001197
0.00104621
-0.000258189
0.00134016
0.00173082
8.42787e-05
-0.000973895
-0.000905127
-0.000563875
0.00127858
-0.00112011
0.000392988
-0.00100902
0.00244871
-0.00126925
0.00150015
0.000536383
-0.00112893
0.0022317
-0.00141607
0.000707708
-0.00182927
-0.00105981
0.00137958
0.000848366
0.000359707
-0.00050948
0.00128852
0.000655156
-0.00116464
0.000592299
-0.000466194
0.00105849
0.00728466
-0.00150754
0.000161586
0.00218329
0.000100578
0.00121368
-0.00155653
0.000909168
0.000201725
0.00154804
0.000683882
0.00142834
0.000967776
7.84303e-05
0.00169012
-0.00170323
0.00143193
0.000155661
0.000223836
-0.000379497
-0.000158677
0.000190463
-3.17851e-05
7.97897e-05
0.000139977
-0.000219767
0.000171467
0.000118628
0.00149201
-0.00031906
-0.000654803
0.000991954
0.000594275
0.00121448
0.000989335
0.00136751
0.000974345
0.000708302
0.00102138
0.00164125
-0.000665569
0.000879499
-0.000855112
-0.00127606
0.000367124
-0.00135571
-0.000572292
0.000545307
0.0157852
0.000533312
-0.00152794
-0.00136624
-0.0003567
-0.00205609
0.000359012
0.000894788
-0.00112385
-0.00120565
0.00058808
0.000115881
-0.00070396
-0.00049448
-0.00100101
0.00117183
-0.000831394
0.000603634
0.00040768
0.000617559
-0.00108386
-0.000616322
-0.000671468
0.00131878
-0.000837844
-0.000371058
-0.000778667
-0.00182065
0.00130915
-0.00504836
-0.010271
0.00126907
-0.00670213
0.000856328
-0.000946366
0.000794356
0.0122641
0.00102995
-0.000354942
-0.000514103
-0.000901971
0.00035289
0.000303005
0.000193001
1.63817e-06
0.000507549
-0.000632639
-0.000648711
-0.000202049
-0.00069657
0.00125366
-0.000557092
0.000660329
-0.00121312
0.00150005
0.000582519
-0.000477852
0.000307696
-8.67528e-05
0.000257783
-0.00017103
0.000332229
-2.92242e-05
0.000245476
-0.00100143
-0.000801051
0.000477752
0.00146039
-0.00193814
-0.000858564
0.00109215
-0.00174374
0.000197953
-0.000156182
-0.000195382
0.00211942
-0.000912487
-0.00103753
-0.0013891
0.0011658
-5.76338e-05
-0.000989319
-0.000290528
-0.000698792
-0.000294649
0.000882023
-0.00126549
0.000383471
0.000710208
-0.00141188
-0.00111951
0.00182972
-0.00119087
-4.41857e-05
0.00123506
0.000158613
-0.0005152
0.00122155
0.00171821
0.000123645
0.00178879
-0.000114633
0.000321359
-0.000474797
0.000566572
0.000138916
0.000151133
-0.0011676
0.000519593
0.000742412
0.000978355
-0.00172077
-0.000476421
-0.00046658
-0.00146358
-0.000200358
-0.000427471
-0.00136464
0.00137986
0.000481504
-0.00143372
0.00149272
-0.00046095
-0.000908091
0.00112805
-0.000913094
0.000349349
0.000340153
0.00086222
0.000200291
-0.00145734
-0.000370785
0.000901372
0.000292587
-0.000297811
-0.000996422
-0.00230879
0.00206646
-0.00194191
-0.000124545
-0.00102106
-5.76794e-06
-0.000831126
0.000729505
0.00085243
0.000579501
0.000890085
0.000538252
-0.000205239
0.00226054
0.000233933
-9.39566e-05
0.00247015
-0.00467994
0.00106121
-0.000460472
-0.00095141
-0.00148761
0.00102713
-0.000429408
0.000679381
-0.00123879
0.000549817
-0.000974404
0.000968636
-0.00148733
0.000512923
0.000866834
-0.000471397
-0.000724013
-0.00104217
0.00057077
0.000838037
-0.00054545
-0.000678985
0.00220234
0.00121226
-0.00139797
0.000926482
-0.000674061
0.000992228
-0.00139424
-0.000471352
-0.00104301
-0.00150959
0.0011889
0.000154695
0.000500461
0.00047178
-0.00147876
0.00120221
0.00922092
0.000172225
-0.0013399
-0.00109959
0.00194353
-0.00160899
0.00164919
-4.02018e-05
0.00126744
-0.00346701
-0.0034125
0.0027969
-0.000940285
-0.003357
7.11844e-05
0.00104954
0.000817082
-0.000771856
-0.000700142
0.00151722
-0.00157939
-0.00027215
0.00183439
1.61969e-05
0.000212496
0.00139492
-0.00596078
-0.00656321
0.000501567
-0.00058853
0.00199476
-0.000727254
-0.00076035
0.00135633
0.000347738
0.00309861
0.00041428
-0.00146243
-0.00732345
5.2196e-06
-0.000574876
0.00104754
0.000252787
0.000509636
0.00118512
-1.53036e-05
0.000258455
0.00144728
0.00128517
0.00544599
0.000700455
-0.00130844
0.00200889
0.000332818
-0.000238051
0.00114599
-0.00090794
-0.0010299
0.000594129
0.00375295
0.000905962
-0.00180694
0.000900983
-0.0011797
0.00208567
-0.000685244
0.000542979
0.00108569
0.000107919
0.000757975
-0.00136975
0.00882789
-0.000339034
0.00138429
-0.000123955
-0.000376193
0.000423153
0.000259513
0.00161781
-0.00101384
-0.00670639
-0.00611519
-0.00107365
0.00101246
-0.000230527
0.00167851
-0.000631275
0.000428697
-0.00151014
0.000577048
0.000924743
0.000484782
0.00115399
0.000208911
0.00124677
-4.48802e-05
-0.00208653
-0.0036901
4.82442e-05
0.000288378
0.000777325
0.000996124
-0.000584202
0.00038521
0.000863605
0.000928678
0.00106804
0.000732203
0.000310551
-0.000657379
0.000796294
-0.000897303
0.000855155
0.000567505
0.000757841
0.000267778
0.0015319
0.000839932
0.00102205
-0.00144168
0.000511426
0.000320202
-0.00115397
-0.00184215
0.00119856
0.000170328
-0.00190739
-3.45266e-05
-0.00152125
0.00114664
-4.91001e-05
-0.000998706
0.000953129
0.00146068
-0.000353312
-0.00111857
-0.000990786
-0.00159258
0.000601795
0.00116477
-0.00107788
-0.0124116
0.00524284
-0.0103392
0.00148061
2.43877e-05
0.000215535
0.00151073
-0.000167848
1.97885e-06
0.000647906
0.00145025
0.000548051
0.00164419
-0.00109614
-0.000942259
0.000790415
-0.000402374
-0.00152188
0.000505024
-0.00133601
-0.000388894
-0.000610695
0.000200735
-0.000901206
-0.00124858
0.00020641
0.000837148
-0.0010011
-0.000842888
-6.62864e-05
0.000909174
-0.00109235
0.00162117
-0.000688949
0.00134928
0.000707972
-0.00139692
0.000348799
8.76769e-05
0.00114195
-0.00105427
-0.000726395
0.000551948
-6.62922e-05
0.000323671
-0.0013248
0.000654553
-0.000720839
0.000473453
0.000526991
0.000385852
0.00428354
0.000559083
-0.00231584
-0.00116745
-0.000105771
0.00123142
0.000286179
-0.000545874
-0.00082323
-0.000195027
-0.00138291
0.000193186
-0.00144385
0.000183278
-0.00119962
-0.000130122
-0.00102977
-0.00106158
-0.000118568
0.000235348
0.00108853
-0.00175448
0.00493491
-0.00573798
0.000391162
0.000145944
0.00122287
0.00212385
0.00137
-0.000592291
0.00142623
0.00103533
-0.000485927
0.00076498
0.000513921
0.000661885
0.00199728
-0.00133539
-0.00027585
-0.00125686
-0.00142095
0.000567084
0.000798449
0.000501001
-0.000855334
-0.000747576
-0.00279465
0.000601487
-9.33563e-05
0.00115654
0.00172193
-0.000565389
-0.000769079
0.000607042
-0.00187253
0.000830349
-0.00138744
0.000770519
0.000730308
0.000337727
0.00155446
0.000821661
0.000223249
-0.00106829
2.358e-06
0.00108979
0.000127766
-0.000844682
0.000476219
0.00103286
0.00089752
0.00126464
0.000578718
-0.00108525
0.000779453
0.00092555
-0.00117578
0.000250235
-0.000174546
0.00204987
-0.00177862
-0.000686696
0.000290673
-0.000301681
0.00106236
0.00128664
-1.5373e-05
8.44849e-05
0.000160217
-0.000133915
0.00119645
-0.000438112
0.0014979
-0.00113933
0.000649906
0.00121711
-0.00133741
0.00100544
-0.00113391
0.00134032
-0.00187759
-0.00170536
-0.00189047
-0.000202565
0.00154414
-0.000232198
0.0008117
6.94039e-05
-7.19427e-05
0.00107323
0.000677035
0.00029435
0.000565376
-9.36808e-05
-6.9161e-06
0.00142586
0.00112495
0.000544783
0.000741856
0.00135246
0.000699641
0.000947428
0.00179196
0.00140662
0.00154307
0.00133021
0.000380724
0.00127396
0.000595996
0.000869538
0.000958156
0.000967186
-0.000588724
-0.00120302
0.00548051
0.000485131
0.000434936
0.00132693
5.93802e-05
0.000706233
-0.000703863
-0.000576092
-0.000351415
0.000700637
-0.00145341
0.000752771
-0.00100472
0.000258638
-0.00118522
0.00015798
0.000703285
-0.000952108
0.000551109
-0.00189223
0.000695417
0.000676177
0.00124309
-0.000782332
-0.00157951
-0.00195057
0.000144492
0.00123838
-0.000362662
0.00156292
0.000387132
-0.000860312
0.000860307
0.00192086
-0.000379243
-0.000612049
-0.000707547
-0.000393558
9.12932e-05
0.000383104
0.000821389
-0.000381626
-0.00149759
0.00107648
-0.00163823
0.00108792
-0.000978326
0.000444365
-0.0010313
-0.000906843
-0.000546137
-0.00111002
-0.000975848
-0.000712222
-0.00198169
0.000954344
-0.000512011
0.00112527
0.000873963
0.000381866
-0.00159244
-0.000358616
0.00174297
-0.000345342
-0.00109044
0.00164415
0.00135284
0.0013796
0.0017146
0.00036982
0.000395828
-0.0019423
0.000597571
-0.000129417
0.000611697
-0.000958989
0.00110982
-0.000587132
7.63483e-05
0.000373722
-0.0014049
0.000569794
0.00104559
-0.000457386
-0.000594453
0.000335303
0.000230335
0.00024857
0.00792715
-0.00107753
0.000785585
0.000684387
0.00103021
-0.00102215
-0.00155881
0.000284852
0.00140744
-0.000530819
-2.51335e-05
-0.000903989
0.000565621
-0.000758479
0.00168075
0.000937433
-0.000616312
2.22649e-05
-0.000926253
-0.000623593
-0.0020648
-1.89595e-05
0.00016752
0.000834207
0.000623815
0.000473383
0.00154161
-0.00052803
-0.00108846
0.000572241
0.00164499
-0.00102304
0.000496713
-0.000662047
-0.000159103
-5.55846e-05
-0.000568009
-0.000345657
0.00100477
-0.0015493
0.0015493
-0.000765291
0.00115242
-0.00669457
-0.00491498
-0.0119784
-0.0088465
-0.00126102
0.00374842
-0.000809903
0.00145546
0.000734683
-0.00124319
-7.42672e-05
-0.00178113
0.000610245
-0.000140616
0.00183874
-0.000937345
0.000329982
-0.0154346
-0.0120771
0.0113569
0.0153006
0.00303371
-0.00303351
-2.96564e-05
-0.0150712
-0.013155
0.0321036
-0.0257243
0.0191225
0.000194056
0.00175745
-0.00158361
-0.000279881
0.000196469
-0.00176019
0.00102134
-0.000414136
-0.00163501
-0.00870853
0.00278253
0.000866401
-0.0144484
-0.0218639
0.0165243
0.0155076
0.00291215
-0.021006
0.0163043
-0.00797087
-0.000732396
0.000977871
-0.00178113
-0.00179342
0.00202152
-0.000888978
0.00108737
-4.80981e-06
0.000606887
0.00077813
0.0028071
1.38884e-05
0.000665813
)
;

boundaryField
{
    frontAndBack
    {
        type            empty;
        value           nonuniform 0();
    }
    outlet
    {
        type            calculated;
        value           nonuniform List<scalar> 7(2.84846 3.07555 2.95055 2.64804 2.30728 2.12334 2.3106);
    }
    walls
    {
        type            calculated;
        value           uniform 0;
    }
    inlet
    {
        type            calculated;
        value           nonuniform List<scalar> 7(-2.61544 -2.5983 -2.57101 -2.57151 -2.66568 -2.66981 -2.57205);
    }
    airfoil
    {
        type            calculated;
        value           uniform 0;
    }
}


// ************************************************************************* //
